match-id,player-id,role,team-id
501274,40,Captain,1
392220,133,Captain,7
548368,40,Captain,1
548368,50,Captain,7
501244,40,Captain,1
419149,1,Captain,1
733998,42,Captain,11
419149,40,Captain,6
733998,158,Captain,6
392238,38,Captain,5
335991,1,Captain,1
598042,4,Captain,4
598042,57,Captain,7
392206,41,Captain,6
980992,8,Captain,2
336031,41,Captain,6
980908,40,Captain,1
336024,27,Captain,4
734000,57,Captain,7
548369,41,Captain,6
548319,26,Captain,8
548319,50,Captain,7
392221,27,Captain,4
980922,21,Captain,13
501210,133,Captain,7
980992,2,Captain,13
501245,38,Captain,5
501210,175,Captain,2
734002,40,Captain,1
336041,38,Captain,5
981006,21,Captain,13
734002,197,Captain,4
548370,1,Captain,10
548370,6,Captain,5
598043,254,Captain,10
336024,32,Captain,5
981000,40,Captain,1
734004,8,Captain,2
734004,32,Captain,5
598044,57,Captain,7
336005,1,Captain,1
548320,40,Captain,1
501246,27,Captain,10
980982,185,Captain,4
980970,154,Captain,6
548371,4,Captain,4
734006,42,Captain,11
548371,26,Captain,8
734006,57,Captain,7
548320,175,Captain,2
501246,133,Captain,7
392239,27,Captain,4
598045,40,Captain,1
598045,64,Captain,6
336002,1,Captain,1
419150,124,Captain,2
336018,27,Captain,4
548321,41,Captain,6
980908,15,Captain,6
734008,32,Captain,5
335989,38,Captain,5
548372,8,Captain,2
598046,4,Captain,4
548372,50,Captain,7
980920,187,Captain,11
336041,133,Captain,7
734010,8,Captain,2
501247,40,Captain,1
501247,64,Captain,9
501212,27,Captain,10
734010,158,Captain,6
548322,6,Captain,5
548322,50,Captain,7
598047,8,Captain,2
501212,64,Captain,9
980936,8,Captain,2
336032,1,Captain,1
734012,42,Captain,11
548373,40,Captain,1
336042,20,Captain,3
419151,133,Captain,7
392240,41,Captain,6
336013,38,Captain,5
734012,197,Captain,4
419127,1,Captain,1
598047,254,Captain,10
980958,187,Captain,11
501248,41,Captain,6
598048,6,Captain,5
392222,38,Captain,5
392207,38,Captain,5
734014,40,Captain,1
598048,40,Captain,1
734014,57,Captain,7
392193,158,Captain,2
548374,4,Captain,4
980944,40,Captain,1
548374,41,Captain,6
980968,185,Captain,4
980982,8,Captain,2
419127,133,Captain,7
598049,26,Captain,11
548323,175,Captain,2
392240,133,Captain,7
598049,64,Captain,6
734016,158,Captain,6
336005,38,Captain,5
336009,41,Captain,6
734016,306,Captain,5
501213,175,Captain,2
548375,40,Captain,1
548375,50,Captain,7
548324,1,Captain,10
981014,40,Captain,1
734018,8,Captain,2
598050,8,Captain,2
336032,38,Captain,5
336013,49,Captain,7
392194,41,Captain,6
392208,2,Captain,1
501249,175,Captain,2
419153,1,Captain,1
501214,38,Captain,5
734020,40,Captain,1
501214,40,Captain,1
980934,187,Captain,11
419128,21,Captain,3
548325,6,Captain,5
598051,57,Captain,7
980958,8,Captain,2
548325,40,Captain,1
734020,362,Captain,11
734022,32,Captain,5
734022,57,Captain,7
501250,40,Captain,1
981000,8,Captain,2
336025,41,Captain,6
548377,8,Captain,2
598052,6,Captain,5
419128,124,Captain,2
548377,64,Captain,6
419153,124,Captain,2
734024,158,Captain,6
734024,197,Captain,4
598052,254,Captain,10
548326,26,Captain,8
548326,41,Captain,6
392241,124,Captain,2
392223,124,Captain,2
501215,64,Captain,9
501251,41,Captain,6
598053,8,Captain,2
980990,185,Captain,4
734026,8,Captain,2
598053,26,Captain,11
548378,6,Captain,5
548378,10,Captain,8
392223,133,Captain,7
501215,133,Captain,7
336009,49,Captain,7
336019,1,Captain,1
419154,40,Captain,6
501251,133,Captain,7
335987,6,Captain,2
734026,362,Captain,11
419129,38,Captain,5
981020,40,Captain,1
548327,1,Captain,10
980906,57,Captain,7
598054,6,Captain,5
734028,40,Captain,1
598054,64,Captain,6
392242,41,Captain,6
392208,133,Captain,7
548379,64,Captain,6
336033,27,Captain,4
392224,2,Captain,1
734030,57,Captain,7
392224,40,Captain,6
734030,197,Captain,4
501252,64,Captain,9
598055,40,Captain,1
598055,57,Captain,7
501216,175,Captain,2
336043,38,Captain,5
548380,1,Captain,10
734032,8,Captain,2
501252,175,Captain,2
548328,40,Captain,1
734032,40,Captain,1
548380,40,Captain,1
980942,21,Captain,13
336002,49,Captain,7
980920,40,Captain,1
419155,38,Captain,5
598056,26,Captain,11
501253,27,Captain,10
829828,57,Captain,7
419155,133,Captain,7
548381,8,Captain,2
392209,27,Captain,4
548329,6,Captain,5
548381,26,Captain,8
980968,40,Captain,1
336043,41,Captain,6
598057,6,Captain,5
335997,38,Captain,5
734034,362,Captain,11
734036,57,Captain,7
335993,41,Captain,6
734036,158,Captain,6
419130,133,Captain,7
548329,175,Captain,2
981020,187,Captain,11
392209,124,Captain,2
548382,6,Captain,5
548382,50,Captain,7
734038,32,Captain,5
598058,40,Captain,1
392225,38,Captain,5
734038,197,Captain,4
548330,41,Captain,6
548330,50,Captain,7
501254,38,Captain,5
980980,40,Captain,1
501218,27,Captain,10
598058,254,Captain,10
501218,41,Captain,6
981004,185,Captain,4
419131,38,Captain,5
734040,8,Captain,2
598059,8,Captain,2
980990,57,Captain,7
548383,40,Captain,1
548383,41,Captain,6
598059,187,Captain,6
336014,41,Captain,6
419156,124,Captain,2
336026,1,Captain,1
548331,6,Captain,5
980942,8,Captain,2
734042,40,Captain,1
980956,40,Captain,1
501255,27,Captain,10
336033,133,Captain,7
392243,124,Captain,2
598060,57,Captain,7
336044,20,Captain,3
392210,38,Captain,5
980934,21,Captain,13
419157,40,Captain,6
734042,362,Captain,11
548384,50,Captain,7
981008,187,Captain,11
598060,254,Captain,10
734044,158,Captain,6
734044,197,Captain,4
501219,38,Captain,5
501219,40,Captain,1
598061,10,Captain,11
980918,320,Captain,4
548332,1,Captain,10
419157,133,Captain,7
980998,57,Captain,7
734046,32,Captain,5
419132,1,Captain,1
734046,57,Captain,7
980956,15,Captain,6
392196,27,Captain,4
548385,41,Captain,6
336044,27,Captain,4
548332,175,Captain,2
598062,8,Captain,2
392226,2,Captain,1
598062,40,Captain,1
501256,133,Captain,7
734048,40,Captain,1
734048,197,Captain,4
419158,1,Captain,1
392244,124,Captain,2
980932,57,Captain,7
548333,40,Captain,1
336000,27,Captain,4
598063,6,Captain,5
501220,64,Captain,9
548386,40,Captain,1
501257,8,Captain,2
980980,21,Captain,13
336034,6,Captain,2
501257,38,Captain,5
734050,57,Captain,7
981024,8,Captain,2
335993,55,Captain,8
419111,1,Captain,1
980998,15,Captain,6
548334,26,Captain,8
598003,40,Captain,1
829826,8,Captain,2
598003,64,Captain,6
548334,41,Captain,6
980918,15,Captain,6
598064,64,Captain,6
734052,197,Captain,4
392226,124,Captain,2
501221,41,Captain,6
734054,40,Captain,1
392196,158,Captain,2
501258,25,Captain,6
598065,10,Captain,11
734054,197,Captain,4
598004,3,Captain,7
598004,8,Captain,2
598065,57,Captain,7
336034,20,Captain,3
980988,187,Captain,11
548335,1,Captain,10
980940,320,Captain,4
392211,40,Captain,6
419159,38,Captain,5
829710,40,Captain,1
829710,57,Captain,7
335996,27,Captain,4
419133,124,Captain,2
392227,27,Captain,4
598066,40,Captain,1
336006,41,Captain,6
419159,124,Captain,2
598005,26,Captain,11
501223,27,Captain,10
598066,254,Captain,10
336000,41,Captain,6
980954,21,Captain,13
829712,154,Captain,6
548336,4,Captain,4
501259,64,Captain,9
598005,191,Captain,10
336045,20,Captain,3
501223,133,Captain,7
419112,38,Captain,5
336020,38,Captain,5
598006,6,Captain,5
980978,187,Captain,11
829714,197,Captain,4
548336,175,Captain,2
598067,187,Captain,6
829714,306,Captain,5
598006,64,Captain,6
419134,38,Captain,5
419160,40,Captain,6
336003,6,Captain,2
598068,6,Captain,5
598068,57,Captain,7
829824,306,Captain,5
501260,8,Captain,2
548337,6,Captain,5
980940,187,Captain,11
419112,133,Captain,7
336026,133,Captain,7
829716,187,Captain,11
598007,3,Captain,7
501260,40,Captain,1
829718,8,Captain,2
598069,4,Captain,4
829718,40,Captain,1
598069,8,Captain,2
501224,40,Captain,1
336045,38,Captain,5
501224,64,Captain,9
392227,133,Captain,7
336020,41,Captain,6
392212,2,Captain,1
392228,41,Captain,6
548338,1,Captain,10
548338,41,Captain,6
980952,57,Captain,7
598070,6,Captain,5
829720,154,Captain,6
598070,10,Captain,11
829720,306,Captain,5
980932,8,Captain,2
392212,27,Captain,4
980996,187,Captain,11
980978,57,Captain,7
392197,133,Captain,7
980988,154,Captain,6
598008,191,Captain,10
335998,1,Captain,1
501225,38,Captain,5
829722,57,Captain,7
501261,133,Captain,7
419113,40,Captain,6
829722,197,Captain,4
336027,27,Captain,4
980966,21,Captain,13
980916,21,Captain,13
598071,57,Captain,7
548339,4,Captain,4
548339,50,Captain,7
829724,8,Captain,2
336036,27,Captain,4
419135,133,Captain,7
829724,187,Captain,11
501262,25,Captain,6
336015,1,Captain,1
336027,41,Captain,6
392199,41,Captain,6
336010,38,Captain,5
598072,64,Captain,6
829726,57,Captain,7
598010,6,Captain,5
336015,6,Captain,2
419136,1,Captain,1
598010,40,Captain,1
598072,254,Captain,10
980966,15,Captain,6
829726,306,Captain,5
548340,26,Captain,8
419136,40,Captain,6
548340,40,Captain,1
598073,8,Captain,2
980914,57,Captain,7
829728,40,Captain,1
335994,50,Captain,7
419114,1,Captain,1
501226,133,Captain,7
598011,3,Captain,7
419162,124,Captain,2
598011,64,Captain,6
419162,133,Captain,7
501263,38,Captain,5
548341,6,Captain,5
598074,10,Captain,11
829730,154,Captain,6
501263,64,Captain,9
598074,40,Captain,1
829730,197,Captain,4
392186,20,Captain,3
419163,1,Captain,1
980930,320,Captain,4
548341,175,Captain,2
981004,8,Captain,2
501227,40,Captain,1
829732,187,Captain,11
419163,38,Captain,5
829732,306,Captain,5
980952,40,Captain,1
501264,27,Captain,10
598075,57,Captain,7
548342,1,Captain,10
548342,41,Captain,6
829824,8,Captain,2
392199,158,Captain,2
335992,27,Captain,4
419114,124,Captain,2
829734,57,Captain,7
598013,8,Captain,2
501227,175,Captain,2
598013,40,Captain,1
598076,6,Captain,5
598076,10,Captain,11
336021,6,Captain,2
392229,124,Captain,2
419137,64,Captain,4
335989,41,Captain,6
392200,27,Captain,4
829736,154,Captain,6
980996,185,Captain,4
829736,187,Captain,11
548344,4,Captain,4
501265,8,Captain,2
548344,50,Captain,7
501228,41,Captain,6
598077,6,Captain,5
598014,6,Captain,5
392213,124,Captain,2
598077,57,Captain,7
829738,40,Captain,1
419137,133,Captain,7
392213,133,Captain,7
829738,197,Captain,4
598014,191,Captain,10
335991,55,Captain,8
980914,40,Captain,1
392230,38,Captain,5
829822,57,Captain,7
829740,32,Captain,5
548346,1,Captain,10
598078,57,Captain,7
598015,26,Captain,11
598015,64,Captain,6
548346,26,Captain,8
392200,38,Captain,5
981008,15,Captain,6
392186,133,Captain,7
829742,8,Captain,2
829742,57,Captain,7
336003,41,Captain,6
335990,6,Captain,2
729284,40,Captain,1
729284,57,Captain,7
336037,41,Captain,6
419165,40,Captain,6
598016,3,Captain,7
980976,185,Captain,4
392230,133,Captain,7
336028,6,Captain,2
501229,133,Captain,7
548347,41,Captain,6
829744,40,Captain,1
548347,50,Captain,7
729286,8,Captain,2
829744,154,Captain,6
336021,27,Captain,4
598016,191,Captain,10
419116,38,Captain,5
419138,124,Captain,2
419116,40,Captain,6
501267,27,Captain,10
598017,8,Captain,2
501267,40,Captain,1
981024,187,Captain,11
501230,38,Captain,5
548348,4,Captain,4
335996,50,Captain,7
336011,6,Captain,2
419139,38,Captain,5
729288,197,Captain,4
829748,40,Captain,1
501230,64,Captain,9
419139,40,Captain,6
392231,27,Captain,4
419166,1,Captain,1
336007,6,Captain,2
829748,187,Captain,11
598018,26,Captain,11
729290,32,Captain,5
729290,42,Captain,11
598018,40,Captain,1
501268,38,Captain,5
419166,71,Captain,7
829750,8,Captain,2
392187,38,Captain,5
392231,41,Captain,6
980964,40,Captain,1
335987,1,Captain,1
548349,40,Captain,1
501268,133,Captain,7
501231,27,Captain,10
729292,8,Captain,2
598019,6,Captain,5
829752,57,Captain,7
981012,57,Captain,7
829752,154,Captain,6
729292,57,Captain,7
980930,40,Captain,1
335990,50,Captain,7
548349,175,Captain,2
501269,10,Captain,8
392215,27,Captain,4
981012,21,Captain,13
829754,8,Captain,2
829754,32,Captain,5
548350,6,Captain,5
980950,21,Captain,13
548350,41,Captain,6
419140,1,Captain,1
729294,40,Captain,1
980928,187,Captain,11
980986,57,Captain,7
980912,187,Captain,11
598020,52,Captain,10
336037,133,Captain,7
336028,38,Captain,5
829756,57,Captain,7
392215,38,Captain,5
501232,41,Captain,6
729296,32,Captain,5
829756,187,Captain,11
981022,187,Captain,11
392187,158,Captain,2
548351,10,Captain,8
729296,197,Captain,4
548351,50,Captain,7
829820,187,Captain,11
598021,40,Captain,1
336011,27,Captain,4
501232,175,Captain,2
829758,197,Captain,4
419167,124,Captain,2
419167,133,Captain,7
980912,8,Captain,2
419117,124,Captain,2
829762,8,Captain,2
392188,27,Captain,4
336038,20,Captain,3
980964,8,Captain,2
419118,1,Captain,1
501233,27,Captain,10
980976,15,Captain,6
729300,42,Captain,11
548352,40,Captain,1
980950,15,Captain,6
729300,197,Captain,4
392188,41,Captain,6
829764,187,Captain,11
829764,197,Captain,4
598023,10,Captain,11
981010,185,Captain,4
980910,320,Captain,4
392232,133,Captain,7
729302,32,Captain,5
501271,175,Captain,2
829766,40,Captain,1
548353,1,Captain,10
392216,2,Captain,1
598023,191,Captain,10
548353,26,Captain,8
392216,40,Captain,6
829766,154,Captain,6
336016,38,Captain,5
336022,1,Captain,1
336001,6,Captain,2
419141,124,Captain,2
598024,3,Captain,7
598024,6,Captain,5
980962,57,Captain,7
729304,8,Captain,2
501272,40,Captain,1
392233,2,Captain,1
729304,40,Captain,1
501234,64,Captain,9
981002,15,Captain,6
501272,133,Captain,7
548354,6,Captain,5
980986,8,Captain,2
829820,57,Captain,7
548354,41,Captain,6
829770,40,Captain,1
336038,38,Captain,5
729306,42,Captain,11
336022,41,Captain,6
980928,57,Captain,7
419119,40,Captain,6
729306,158,Captain,6
419169,124,Captain,2
419142,38,Captain,5
598025,64,Captain,6
335992,38,Captain,5
980948,187,Captain,11
829772,154,Captain,6
392202,133,Captain,7
829772,197,Captain,4
548355,4,Captain,4
501235,40,Captain,1
501235,41,Captain,6
981018,21,Captain,13
729308,57,Captain,7
598026,10,Captain,11
829774,32,Captain,5
829774,57,Captain,7
980974,8,Captain,2
501273,175,Captain,2
548355,175,Captain,2
419119,133,Captain,7
336004,27,Captain,4
729310,8,Captain,2
729310,32,Captain,5
829776,8,Captain,2
829776,40,Captain,1
981016,15,Captain,6
980960,21,Captain,13
548356,1,Captain,10
548356,50,Captain,7
981016,8,Captain,2
980984,187,Captain,11
419170,133,Captain,7
598027,40,Captain,1
392234,27,Captain,4
501236,38,Captain,5
729312,40,Captain,1
501274,133,Captain,7
729312,197,Captain,4
829778,187,Captain,11
419143,133,Captain,7
501236,133,Captain,7
598028,6,Captain,5
598028,8,Captain,2
980972,187,Captain,11
980938,57,Captain,7
829780,57,Captain,7
392203,38,Captain,5
419120,38,Captain,5
548357,26,Captain,8
829780,197,Captain,4
729314,57,Captain,7
501203,40,Captain,1
729314,158,Captain,6
501275,133,Captain,7
392203,41,Captain,6
501275,175,Captain,2
336039,6,Captain,2
829782,32,Captain,5
598029,3,Captain,7
829782,154,Captain,6
501237,27,Captain,10
419120,124,Captain,2
729316,42,Captain,11
598029,64,Captain,6
548358,1,Captain,10
419144,1,Captain,1
392217,133,Captain,7
548358,40,Captain,1
829784,8,Captain,2
419144,26,Captain,4
336004,55,Captain,8
729318,8,Captain,2
501237,175,Captain,2
829786,40,Captain,1
729318,197,Captain,4
501276,175,Captain,2
548359,4,Captain,4
829786,187,Captain,11
548359,6,Captain,5
598030,254,Captain,10
501204,38,Captain,5
336039,55,Captain,8
336029,133,Captain,7
419121,21,Captain,3
501238,41,Captain,6
598031,6,Captain,5
829788,57,Captain,7
980926,15,Captain,6
829788,154,Captain,6
501238,64,Captain,9
548311,50,Captain,7
980994,40,Captain,1
392235,38,Captain,5
336017,6,Captain,2
829790,8,Captain,2
729322,42,Captain,11
829790,197,Captain,4
729322,57,Captain,7
392235,41,Captain,6
336030,1,Captain,1
548360,50,Captain,7
598032,8,Captain,2
419145,40,Captain,6
829792,32,Captain,5
392218,38,Captain,5
392204,2,Captain,1
980910,21,Captain,13
829792,187,Captain,11
501239,40,Captain,1
733976,40,Captain,1
598032,254,Captain,10
335995,38,Captain,5
548312,40,Captain,1
548312,41,Captain,6
548361,8,Captain,2
981018,8,Captain,2
501205,64,Captain,9
548361,26,Captain,8
392218,124,Captain,2
829794,57,Captain,7
980926,8,Captain,2
598033,64,Captain,6
419145,124,Captain,2
981022,21,Captain,13
733978,57,Captain,7
733978,197,Captain,4
501205,175,Captain,2
335988,27,Captain,4
829796,40,Captain,1
548313,1,Captain,10
829796,197,Captain,4
548313,50,Captain,7
336008,1,Captain,1
733980,32,Captain,5
598034,40,Captain,1
598034,57,Captain,7
733980,158,Captain,6
548362,40,Captain,1
548362,41,Captain,6
501240,27,Captain,10
981014,187,Captain,11
501240,38,Captain,5
419146,38,Captain,5
829798,154,Captain,6
501206,41,Captain,6
392236,2,Captain,1
829798,187,Captain,11
336040,1,Captain,1
733982,8,Captain,2
829800,8,Captain,2
733982,42,Captain,11
829800,57,Captain,7
598035,10,Captain,11
501206,133,Captain,7
980924,320,Captain,4
981006,40,Captain,1
548363,1,Captain,10
548363,6,Captain,5
548314,6,Captain,5
980946,320,Captain,4
336040,27,Captain,4
733984,32,Captain,5
733984,40,Captain,1
392219,27,Captain,4
980960,185,Captain,4
335997,6,Captain,2
829802,306,Captain,5
598036,40,Captain,1
392204,158,Captain,2
419123,1,Captain,1
548364,4,Captain,4
501207,27,Captain,10
829804,187,Captain,11
829804,197,Captain,4
548364,26,Captain,8
419123,38,Captain,5
733986,158,Captain,6
548315,41,Captain,6
598037,6,Captain,5
336008,27,Captain,4
335995,55,Captain,8
548315,175,Captain,2
733988,8,Captain,2
829806,154,Captain,6
392205,27,Captain,4
733988,57,Captain,7
419147,133,Captain,7
548365,8,Captain,2
548365,50,Captain,7
392190,158,Captain,2
829808,8,Captain,2
829808,197,Captain,4
598038,8,Captain,2
335999,49,Captain,7
598038,57,Captain,7
548316,10,Captain,8
733990,40,Captain,1
980946,57,Captain,7
980972,21,Captain,13
829810,40,Captain,1
733990,158,Captain,6
829810,57,Captain,7
501242,133,Captain,7
392237,41,Captain,6
501208,40,Captain,1
392220,40,Captain,6
548366,6,Captain,5
980938,15,Captain,6
419148,26,Captain,4
980922,57,Captain,7
829812,8,Captain,2
392191,27,Captain,4
419148,38,Captain,5
733992,197,Captain,4
598039,40,Captain,1
501243,41,Captain,6
829812,187,Captain,11
392237,124,Captain,2
548317,6,Captain,5
501243,64,Captain,9
335999,55,Captain,8
548317,40,Captain,1
548367,8,Captain,2
733994,32,Captain,5
733994,42,Captain,11
392205,133,Captain,7
829814,197,Captain,4
336031,6,Captain,2
598040,64,Captain,6
501209,38,Captain,5
336017,133,Captain,7
598040,254,Captain,10
829816,40,Captain,1
501209,41,Captain,6
733996,8,Captain,2
392238,2,Captain,1
336023,133,Captain,7
419124,124,Captain,2
548367,306,Captain,10
829816,306,Captain,5
419124,133,Captain,7
733996,197,Captain,4
598041,6,Captain,5
598041,8,Captain,2
548318,1,Captain,10
829732,351,Keeper,5
598075,88,Keeper,7
548318,46,Keeper,10
501264,46,Keeper,10
392218,183,Keeper,5
501227,110,Keeper,2
980946,17,Keeper,7
733980,88,Keeper,6
598041,110,Keeper,2
501209,183,Keeper,6
548342,46,Keeper,10
548368,88,Keeper,7
733998,88,Keeper,6
419124,207,Keeper,7
829734,17,Keeper,7
335997,11,Keeper,2
548356,46,Keeper,10
419149,62,Keeper,1
598026,355,Keeper,11
733998,183,Keeper,11
501209,252,Keeper,5
336008,62,Keeper,1
598041,351,Keeper,5
548313,88,Keeper,7
419149,88,Keeper,6
336024,26,Keeper,4
980926,355,Keeper,6
548368,214,Keeper,1
419114,132,Keeper,2
598042,88,Keeper,7
419124,11,Keeper,2
981010,62,Keeper,4
598034,88,Keeper,7
392186,47,Keeper,7
980936,354,Keeper,2
729310,351,Keeper,5
392221,26,Keeper,4
548356,88,Keeper,7
548319,17,Keeper,8
392234,26,Keeper,4
598076,17,Keeper,11
501210,110,Keeper,2
392213,47,Keeper,7
598042,329,Keeper,4
980958,354,Keeper,2
548319,88,Keeper,7
419163,183,Keeper,5
734000,360,Keeper,7
548369,183,Keeper,6
548342,183,Keeper,6
336015,62,Keeper,1
419123,183,Keeper,5
501227,279,Keeper,1
598034,95,Keeper,1
598043,46,Keeper,10
501244,11,Keeper,1
981006,46,Keeper,1
734002,46,Keeper,1
734002,62,Keeper,4
336031,88,Keeper,6
392238,183,Keeper,5
392200,26,Keeper,4
501274,132,Keeper,1
392206,88,Keeper,6
598076,277,Keeper,5
598013,214,Keeper,1
392238,200,Keeper,1
598040,46,Keeper,10
981020,46,Keeper,1
548370,46,Keeper,10
335992,69,Keeper,5
829820,17,Keeper,7
501210,263,Keeper,7
598013,239,Keeper,2
980922,17,Keeper,7
829736,183,Keeper,11
734004,17,Keeper,2
548370,132,Keeper,5
598027,95,Keeper,1
501245,277,Keeper,5
729312,46,Keeper,1
419150,46,Keeper,2
729312,62,Keeper,4
598044,88,Keeper,7
829736,237,Keeper,6
829808,62,Keeper,4
501246,46,Keeper,10
980970,351,Keeper,6
336004,53,Keeper,8
336041,69,Keeper,5
734004,351,Keeper,5
335990,43,Keeper,7
548320,110,Keeper,2
981000,354,Keeper,2
335991,62,Keeper,1
392239,26,Keeper,4
548371,17,Keeper,8
829808,88,Keeper,2
980964,354,Keeper,2
829778,183,Keeper,11
598014,46,Keeper,10
598077,88,Keeper,7
548320,214,Keeper,1
980960,62,Keeper,4
548344,88,Keeper,7
734006,183,Keeper,11
829738,46,Keeper,1
829738,62,Keeper,4
980952,17,Keeper,7
980978,17,Keeper,7
980944,46,Keeper,1
501246,208,Keeper,7
980990,407,Keeper,7
419170,208,Keeper,7
734006,360,Keeper,7
548371,319,Keeper,4
598045,214,Keeper,1
392193,46,Keeper,2
501274,208,Keeper,7
419120,11,Keeper,2
981014,46,Keeper,1
980996,183,Keeper,11
598045,237,Keeper,6
336002,2,Keeper,1
980976,355,Keeper,6
501240,46,Keeper,10
336041,114,Keeper,7
419137,208,Keeper,7
734008,277,Keeper,5
598077,277,Keeper,5
336024,69,Keeper,5
501228,183,Keeper,6
980982,62,Keeper,4
548321,183,Keeper,6
501247,11,Keeper,1
548372,88,Keeper,7
501247,17,Keeper,9
548372,110,Keeper,2
336027,134,Keeper,4
336031,132,Keeper,2
392237,11,Keeper,2
734010,17,Keeper,2
548344,319,Keeper,4
501212,17,Keeper,9
419137,214,Keeper,4
501265,239,Keeper,2
981008,355,Keeper,6
501243,183,Keeper,6
733988,360,Keeper,7
598046,329,Keeper,4
501212,46,Keeper,10
392203,36,Keeper,5
981004,354,Keeper,2
336021,11,Keeper,2
336013,36,Keeper,5
598047,46,Keeper,10
734010,355,Keeper,6
548373,2,Keeper,1
548322,88,Keeper,7
733980,351,Keeper,5
598014,341,Keeper,5
829780,17,Keeper,7
548322,132,Keeper,5
336042,17,Keeper,3
548357,17,Keeper,8
734012,62,Keeper,4
598015,17,Keeper,11
598078,88,Keeper,7
829798,183,Keeper,11
392200,36,Keeper,5
734012,183,Keeper,11
548346,17,Keeper,8
548365,88,Keeper,7
829780,62,Keeper,4
419151,208,Keeper,7
598047,239,Keeper,2
980984,183,Keeper,11
548346,46,Keeper,10
392240,47,Keeper,7
548362,183,Keeper,6
829740,351,Keeper,5
548365,110,Keeper,2
392207,36,Keeper,5
419127,62,Keeper,1
980950,355,Keeper,6
980964,46,Keeper,1
734014,46,Keeper,1
598015,237,Keeper,6
829798,355,Keeper,6
829742,17,Keeper,7
980950,88,Keeper,13
829812,183,Keeper,11
392240,88,Keeper,6
829742,88,Keeper,2
598048,214,Keeper,1
981024,354,Keeper,2
336022,110,Keeper,6
729314,88,Keeper,6
598048,277,Keeper,5
981006,88,Keeper,13
501248,183,Keeper,6
548374,183,Keeper,6
734014,360,Keeper,7
981016,354,Keeper,2
548323,110,Keeper,2
980980,88,Keeper,13
598049,17,Keeper,11
980986,354,Keeper,2
336005,36,Keeper,5
733982,17,Keeper,2
734016,88,Keeper,6
729284,46,Keeper,1
392230,114,Keeper,7
419143,208,Keeper,7
548374,319,Keeper,4
501213,110,Keeper,2
335999,43,Keeper,7
501275,110,Keeper,2
501236,263,Keeper,7
419127,207,Keeper,7
392222,183,Keeper,5
548375,2,Keeper,1
335995,69,Keeper,5
734016,351,Keeper,5
598049,237,Keeper,6
419138,46,Keeper,2
598016,46,Keeper,10
981000,46,Keeper,1
598028,239,Keeper,2
733996,17,Keeper,2
598028,277,Keeper,5
734018,17,Keeper,2
980906,407,Keeper,7
980958,183,Keeper,11
548375,88,Keeper,7
598016,88,Keeper,7
548324,46,Keeper,10
980920,183,Keeper,11
980942,354,Keeper,2
336032,36,Keeper,5
501236,277,Keeper,5
829800,17,Keeper,7
829744,46,Keeper,1
501249,110,Keeper,2
336032,62,Keeper,1
733994,183,Keeper,11
419128,11,Keeper,2
729284,360,Keeper,7
392223,11,Keeper,2
598050,239,Keeper,2
336000,88,Keeper,6
419147,208,Keeper,7
501275,208,Keeper,7
419128,17,Keeper,3
734020,46,Keeper,1
729286,17,Keeper,2
829800,88,Keeper,2
392241,11,Keeper,2
729314,360,Keeper,7
980934,183,Keeper,11
734020,183,Keeper,11
980920,46,Keeper,1
336005,62,Keeper,1
829744,237,Keeper,6
501250,11,Keeper,1
392194,88,Keeper,6
419165,88,Keeper,6
980914,17,Keeper,7
598051,88,Keeper,7
336037,47,Keeper,7
392208,47,Keeper,7
336011,123,Keeper,2
419153,46,Keeper,2
548347,88,Keeper,7
335987,11,Keeper,2
392203,88,Keeper,6
392205,47,Keeper,7
419153,62,Keeper,1
548325,132,Keeper,5
548347,183,Keeper,6
734022,207,Keeper,7
501214,214,Keeper,1
501229,263,Keeper,7
980910,62,Keeper,4
501214,252,Keeper,5
548325,214,Keeper,1
829782,237,Keeper,6
335997,36,Keeper,5
734022,351,Keeper,5
598052,36,Keeper,10
336023,114,Keeper,7
981018,88,Keeper,13
336018,134,Keeper,4
548377,110,Keeper,2
734024,62,Keeper,4
501215,17,Keeper,9
734024,88,Keeper,6
336017,114,Keeper,7
392230,183,Keeper,5
548326,17,Keeper,8
980930,46,Keeper,1
392190,46,Keeper,2
548377,183,Keeper,6
501267,46,Keeper,10
336002,47,Keeper,7
501230,17,Keeper,9
392223,114,Keeper,7
501237,46,Keeper,10
419116,88,Keeper,6
598052,351,Keeper,5
501206,183,Keeper,6
980912,237,Keeper,2
501267,132,Keeper,1
598053,17,Keeper,11
829782,351,Keeper,5
734026,17,Keeper,2
548317,2,Keeper,1
729288,62,Keeper,4
980940,183,Keeper,11
548378,17,Keeper,8
598029,88,Keeper,7
980980,46,Keeper,1
548358,2,Keeper,1
548326,183,Keeper,6
598017,239,Keeper,2
734026,183,Keeper,11
733982,183,Keeper,11
548378,132,Keeper,5
598053,239,Keeper,2
733990,46,Keeper,1
392231,26,Keeper,4
829748,46,Keeper,1
598038,88,Keeper,7
501251,183,Keeper,6
981024,183,Keeper,11
419139,88,Keeper,6
548358,46,Keeper,10
501237,110,Keeper,2
980942,88,Keeper,13
336025,88,Keeper,6
829748,183,Keeper,11
734028,46,Keeper,1
501215,263,Keeper,7
392236,62,Keeper,1
501251,208,Keeper,7
548327,46,Keeper,10
419154,88,Keeper,6
392187,36,Keeper,5
980998,407,Keeper,7
980934,88,Keeper,13
598018,17,Keeper,11
419120,183,Keeper,5
419139,183,Keeper,5
980968,62,Keeper,4
419129,183,Keeper,5
598054,351,Keeper,5
548379,183,Keeper,6
598054,360,Keeper,6
501252,17,Keeper,9
829784,88,Keeper,2
729316,354,Keeper,11
734030,62,Keeper,4
548363,46,Keeper,10
336043,36,Keeper,5
419166,62,Keeper,1
734030,207,Keeper,7
598029,237,Keeper,6
501203,214,Keeper,1
501216,110,Keeper,2
980948,183,Keeper,11
598055,88,Keeper,7
392242,88,Keeper,6
392208,176,Keeper,1
501252,110,Keeper,2
829822,17,Keeper,7
981012,407,Keeper,7
548348,319,Keeper,4
501268,47,Keeper,5
548380,2,Keeper,1
548316,17,Keeper,8
501230,277,Keeper,5
829750,88,Keeper,2
729318,17,Keeper,2
734032,46,Keeper,1
598055,214,Keeper,1
548349,2,Keeper,1
548380,46,Keeper,10
598018,214,Keeper,1
734032,114,Keeper,2
392187,46,Keeper,2
392224,88,Keeper,6
598056,17,Keeper,11
419144,62,Keeper,1
419116,183,Keeper,5
392209,11,Keeper,2
501240,277,Keeper,5
729290,351,Keeper,5
980990,62,Keeper,4
548328,214,Keeper,1
336013,114,Keeper,7
729290,354,Keeper,11
729318,62,Keeper,4
501253,46,Keeper,10
980956,355,Keeper,6
392209,26,Keeper,4
980968,46,Keeper,1
336029,114,Keeper,7
336039,11,Keeper,2
598030,46,Keeper,10
336011,134,Keeper,4
548381,17,Keeper,8
734034,183,Keeper,11
829752,17,Keeper,7
729292,17,Keeper,2
501231,46,Keeper,10
980926,237,Keeper,2
419155,183,Keeper,5
335988,26,Keeper,4
336040,26,Keeper,4
548381,110,Keeper,2
980918,355,Keeper,6
419155,208,Keeper,7
336033,47,Keeper,7
392224,176,Keeper,1
336037,88,Keeper,6
419146,183,Keeper,5
734036,88,Keeper,6
392243,11,Keeper,2
548329,110,Keeper,2
829786,46,Keeper,1
501268,208,Keeper,7
734036,207,Keeper,7
548329,132,Keeper,5
336043,88,Keeper,6
598057,277,Keeper,5
829752,237,Keeper,6
336003,88,Keeper,6
548349,110,Keeper,2
419166,207,Keeper,7
419130,207,Keeper,7
980998,355,Keeper,6
729292,207,Keeper,7
980956,46,Keeper,1
335994,43,Keeper,7
501276,110,Keeper,2
598058,36,Keeper,10
734038,62,Keeper,4
392231,88,Keeper,6
419156,46,Keeper,2
336039,53,Keeper,8
548382,88,Keeper,7
980972,183,Keeper,11
392215,26,Keeper,4
733990,88,Keeper,6
548367,110,Keeper,2
598058,214,Keeper,1
829786,183,Keeper,11
829810,17,Keeper,7
734038,351,Keeper,5
336019,62,Keeper,1
419148,183,Keeper,5
548330,88,Keeper,7
501218,46,Keeper,10
829754,88,Keeper,2
548382,277,Keeper,5
733984,46,Keeper,1
598035,355,Keeper,11
829828,17,Keeper,7
419121,17,Keeper,3
548330,183,Keeper,6
548383,2,Keeper,1
336009,88,Keeper,6
729294,46,Keeper,1
734040,114,Keeper,2
335991,53,Keeper,8
598019,351,Keeper,5
598059,110,Keeper,2
392219,26,Keeper,4
501218,183,Keeper,6
419117,11,Keeper,2
598039,214,Keeper,1
829810,46,Keeper,1
335993,53,Keeper,8
598059,237,Keeper,6
501254,277,Keeper,5
336028,36,Keeper,5
829754,351,Keeper,5
598020,46,Keeper,10
980996,62,Keeper,4
548383,183,Keeper,6
734042,46,Keeper,1
501238,17,Keeper,9
548314,132,Keeper,5
548350,132,Keeper,5
598060,46,Keeper,10
501255,46,Keeper,10
419140,62,Keeper,1
734042,183,Keeper,11
548350,183,Keeper,6
598060,88,Keeper,7
336044,17,Keeper,3
829756,17,Keeper,7
335989,36,Keeper,5
419167,46,Keeper,2
419131,183,Keeper,5
829788,17,Keeper,7
501208,214,Keeper,1
336033,134,Keeper,4
335987,62,Keeper,1
548363,277,Keeper,5
734044,62,Keeper,4
335992,26,Keeper,4
734044,88,Keeper,6
336017,132,Keeper,2
829756,183,Keeper,11
980946,419,Keeper,4
335990,11,Keeper,2
392244,11,Keeper,2
548384,88,Keeper,7
548331,277,Keeper,5
501206,263,Keeper,7
729296,62,Keeper,4
336009,114,Keeper,7
598061,17,Keeper,11
419157,88,Keeper,6
419144,214,Keeper,4
336044,26,Keeper,4
501232,110,Keeper,2
392196,26,Keeper,4
501269,468,Keeper,8
548332,46,Keeper,10
980960,88,Keeper,13
548351,17,Keeper,8
392225,183,Keeper,5
981002,355,Keeper,6
980932,354,Keeper,2
981022,88,Keeper,13
548332,110,Keeper,2
548366,277,Keeper,5
734046,207,Keeper,7
980924,62,Keeper,4
501219,214,Keeper,1
980988,355,Keeper,6
829788,237,Keeper,6
980928,183,Keeper,11
419148,214,Keeper,4
734046,351,Keeper,5
829758,62,Keeper,4
548385,183,Keeper,6
548351,88,Keeper,7
501219,252,Keeper,5
729296,351,Keeper,5
419132,62,Keeper,1
548359,277,Keeper,5
392196,46,Keeper,2
734048,46,Keeper,1
734048,62,Keeper,4
419157,251,Keeper,7
501220,17,Keeper,9
598062,110,Keeper,2
501256,208,Keeper,7
336014,88,Keeper,6
980966,355,Keeper,6
829802,351,Keeper,5
598062,214,Keeper,1
336000,26,Keeper,4
548359,319,Keeper,4
501232,183,Keeper,6
598021,214,Keeper,1
980940,419,Keeper,4
980912,183,Keeper,11
980918,62,Keeper,4
548311,88,Keeper,7
336016,36,Keeper,5
336040,62,Keeper,1
829826,88,Keeper,2
392226,11,Keeper,2
392218,11,Keeper,2
336038,17,Keeper,3
548317,132,Keeper,5
419158,62,Keeper,1
392188,26,Keeper,4
829820,183,Keeper,11
548333,214,Keeper,1
734050,207,Keeper,7
392226,62,Keeper,1
548386,214,Keeper,1
598063,277,Keeper,5
419167,208,Keeper,7
829790,62,Keeper,4
336034,11,Keeper,2
336026,62,Keeper,1
548334,17,Keeper,8
829790,88,Keeper,2
598031,277,Keeper,5
980976,62,Keeper,4
392210,183,Keeper,5
548352,2,Keeper,1
733984,351,Keeper,5
734052,62,Keeper,4
829762,237,Keeper,6
980938,17,Keeper,7
392215,183,Keeper,5
335996,26,Keeper,4
501257,239,Keeper,2
980938,355,Keeper,6
419111,62,Keeper,1
598003,183,Keeper,6
980966,88,Keeper,13
501257,277,Keeper,5
598003,214,Keeper,1
548334,183,Keeper,6
598064,237,Keeper,6
419133,11,Keeper,2
829816,46,Keeper,1
980954,88,Keeper,13
829804,62,Keeper,4
501233,46,Keeper,10
734054,46,Keeper,1
734054,62,Keeper,4
981008,183,Keeper,11
598036,214,Keeper,1
981014,183,Keeper,11
598065,17,Keeper,11
501238,183,Keeper,6
729300,62,Keeper,4
336034,17,Keeper,3
336028,123,Keeper,2
598065,88,Keeper,7
829764,62,Keeper,4
981022,183,Keeper,11
501207,46,Keeper,10
598004,88,Keeper,7
980994,46,Keeper,1
729322,183,Keeper,11
336021,134,Keeper,4
829764,183,Keeper,11
829710,46,Keeper,1
501258,183,Keeper,6
501204,252,Keeper,5
548335,46,Keeper,10
336007,132,Keeper,2
501221,183,Keeper,6
598004,239,Keeper,2
419159,46,Keeper,2
392227,26,Keeper,4
829710,207,Keeper,7
829804,183,Keeper,11
980986,17,Keeper,7
392211,88,Keeper,6
419118,62,Keeper,1
598066,46,Keeper,10
392235,88,Keeper,6
729300,354,Keeper,11
598005,17,Keeper,11
598023,17,Keeper,11
598023,46,Keeper,10
598005,46,Keeper,10
829824,351,Keeper,5
598066,214,Keeper,1
392232,114,Keeper,7
419141,46,Keeper,2
392197,47,Keeper,7
501259,17,Keeper,9
336045,17,Keeper,3
501271,110,Keeper,2
419159,183,Keeper,5
598032,46,Keeper,10
548360,88,Keeper,7
980908,355,Keeper,6
981018,354,Keeper,2
729322,360,Keeper,7
980916,88,Keeper,13
829712,360,Keeper,6
419145,46,Keeper,2
981012,88,Keeper,13
829766,46,Keeper,1
980988,183,Keeper,11
501223,208,Keeper,7
336020,36,Keeper,5
829714,62,Keeper,4
829816,351,Keeper,5
598038,239,Keeper,2
548364,17,Keeper,8
548353,17,Keeper,8
501205,17,Keeper,9
548312,2,Keeper,1
392220,47,Keeper,7
548353,46,Keeper,10
336026,114,Keeper,7
419145,88,Keeper,6
598067,237,Keeper,6
829714,351,Keeper,5
548336,239,Keeper,2
598032,239,Keeper,2
598006,183,Keeper,6
501223,272,Keeper,10
829766,237,Keeper,6
829792,183,Keeper,11
548336,319,Keeper,4
336006,88,Keeper,6
392204,176,Keeper,1
729302,351,Keeper,5
392202,47,Keeper,7
419160,88,Keeper,6
598068,88,Keeper,7
501234,17,Keeper,9
733986,88,Keeper,6
501260,11,Keeper,1
980972,88,Keeper,13
598006,341,Keeper,5
733976,46,Keeper,1
829716,183,Keeper,11
733996,62,Keeper,4
392227,114,Keeper,7
598068,277,Keeper,5
733994,351,Keeper,5
980932,17,Keeper,7
501224,17,Keeper,9
419134,183,Keeper,5
419112,183,Keeper,5
548337,132,Keeper,5
335995,53,Keeper,8
980982,354,Keeper,2
729304,17,Keeper,2
829718,46,Keeper,1
981020,183,Keeper,11
829718,88,Keeper,2
980962,17,Keeper,7
829792,351,Keeper,5
598007,88,Keeper,7
729304,46,Keeper,1
419112,207,Keeper,7
392216,88,Keeper,6
598024,88,Keeper,7
336045,69,Keeper,5
501260,239,Keeper,2
392212,26,Keeper,4
419123,62,Keeper,1
392237,88,Keeper,6
981004,62,Keeper,4
598069,239,Keeper,2
501272,132,Keeper,1
598069,329,Keeper,4
548338,46,Keeper,10
335999,53,Keeper,8
598008,46,Keeper,10
392188,88,Keeper,6
829794,17,Keeper,7
980922,88,Keeper,13
829720,237,Keeper,6
598070,17,Keeper,11
980978,183,Keeper,11
598024,277,Keeper,5
501224,214,Keeper,1
548361,17,Keeper,8
419169,46,Keeper,2
336008,26,Keeper,4
829720,351,Keeper,5
980974,354,Keeper,2
501242,263,Keeper,7
829770,46,Keeper,1
501272,208,Keeper,7
548338,183,Keeper,6
980908,46,Keeper,1
336010,36,Keeper,5
392191,26,Keeper,4
336038,69,Keeper,5
829722,62,Keeper,4
548364,319,Keeper,4
548315,110,Keeper,2
598070,351,Keeper,5
729306,88,Keeper,6
829722,207,Keeper,7
548354,132,Keeper,5
336036,26,Keeper,4
548361,110,Keeper,2
501261,208,Keeper,7
548354,183,Keeper,6
392204,11,Keeper,2
392205,26,Keeper,4
729306,183,Keeper,11
598071,88,Keeper,7
829814,62,Keeper,4
392228,88,Keeper,6
733978,62,Keeper,4
392233,62,Keeper,1
335993,88,Keeper,6
419113,88,Keeper,6
829724,88,Keeper,2
336022,62,Keeper,1
548339,88,Keeper,7
981016,355,Keeper,6
336020,88,Keeper,6
829724,183,Keeper,11
829772,62,Keeper,4
392199,11,Keeper,2
501239,132,Keeper,1
419135,208,Keeper,7
980952,46,Keeper,1
548312,183,Keeper,6
419142,183,Keeper,5
548367,46,Keeper,10
501205,110,Keeper,2
598072,46,Keeper,10
392235,183,Keeper,5
501225,277,Keeper,5
829726,17,Keeper,7
829772,237,Keeper,6
419119,88,Keeper,6
548339,319,Keeper,4
501262,183,Keeper,6
598025,237,Keeper,6
980992,354,Keeper,2
733988,17,Keeper,2
392220,88,Keeper,6
980910,88,Keeper,13
548315,183,Keeper,6
419162,46,Keeper,2
335998,2,Keeper,1
548340,17,Keeper,8
829726,351,Keeper,5
335989,88,Keeper,6
501273,110,Keeper,2
829796,46,Keeper,1
598072,360,Keeper,6
598010,214,Keeper,1
829796,62,Keeper,4
392212,176,Keeper,1
419136,62,Keeper,1
829824,88,Keeper,2
829774,17,Keeper,7
392186,17,Keeper,3
598010,277,Keeper,5
336030,62,Keeper,1
829728,46,Keeper,1
392216,176,Keeper,1
980992,88,Keeper,13
392199,88,Keeper,6
980928,17,Keeper,7
733992,62,Keeper,4
501263,17,Keeper,9
733978,360,Keeper,7
548340,214,Keeper,1
548355,110,Keeper,2
501235,132,Keeper,1
598011,88,Keeper,7
419136,88,Keeper,6
829812,88,Keeper,2
598073,354,Keeper,2
501263,47,Keeper,5
501226,208,Keeper,7
598033,360,Keeper,6
829730,62,Keeper,4
336004,26,Keeper,4
598074,17,Keeper,11
729308,360,Keeper,7
501235,183,Keeper,6
548313,46,Keeper,10
336001,11,Keeper,2
829730,237,Keeper,6
829774,351,Keeper,5
392229,11,Keeper,2
598011,237,Keeper,6
419162,207,Keeper,7
336015,11,Keeper,2
336003,11,Keeper,2
419114,62,Keeper,1
598074,214,Keeper,1
501243,17,Keeper,9
548341,110,Keeper,2
548341,132,Keeper,5
419163,2,Keeper,1
392213,11,Keeper,2
729310,17,Keeper,2
392217,47,Keeper,7
548362,2,Keeper,1
419119,207,Keeper,7
980930,62,Keeper,4
829732,183,Keeper,11
598037,277,Keeper,5
980914,46,Keeper,1
548355,319,Keeper,4
336027,88,Keeper,6
829806,355,Keeper,6
829776,46,Keeper,1
598040,237,Keeper,6
829776,88,Keeper,2
335996,43,Keeper,7
392228,60,Player,8
392228,61,Player,8
392228,73,Player,6
392228,89,Player,6
392228,110,Player,6
392228,112,Player,8
392228,116,Player,6
392228,131,Player,8
392228,135,Player,6
392228,136,Player,6
392228,147,Player,8
392228,178,Player,8
392228,179,Player,8
392228,187,Player,6
392228,223,Player,6
392229,6,Player,2
392229,8,Player,2
392229,9,Player,2
392229,12,Player,2
392229,14,Player,2
392229,18,Player,3
392229,21,Player,3
392229,22,Player,3
392229,23,Player,3
392229,46,Player,2
392229,52,Player,2
392229,81,Player,2
392229,109,Player,3
392229,121,Player,3
392229,151,Player,3
392229,177,Player,2
392229,185,Player,3
392229,186,Player,3
392229,218,Player,3
392230,31,Player,5
392230,35,Player,5
392230,39,Player,5
392230,44,Player,7
392230,48,Player,7
392230,50,Player,7
392230,71,Player,7
392230,74,Player,5
392230,80,Player,7
392230,85,Player,7
392230,126,Player,5
392230,148,Player,5
392230,154,Player,7
392230,168,Player,5
392230,169,Player,5
392230,192,Player,5
392230,193,Player,7
392230,194,Player,7
392231,28,Player,4
392231,29,Player,4
392231,40,Player,6
392231,65,Player,4
392231,66,Player,4
392231,67,Player,4
392231,68,Player,4
392231,73,Player,6
392231,77,Player,4
392231,89,Player,6
392231,90,Player,6
392231,110,Player,6
392231,116,Player,6
392231,135,Player,6
392231,139,Player,4
392231,153,Player,4
392231,171,Player,6
392231,175,Player,6
392232,17,Player,3
392232,18,Player,3
392232,21,Player,3
392232,22,Player,3
392232,23,Player,3
392232,44,Player,7
392232,48,Player,7
392232,50,Player,7
392232,71,Player,7
392232,80,Player,7
392232,85,Player,7
392232,109,Player,3
392232,121,Player,3
392232,151,Player,3
392232,154,Player,7
392232,186,Player,3
392232,193,Player,7
392232,194,Player,7
392232,218,Player,3
392233,1,Player,1
392233,4,Player,1
392233,54,Player,8
392233,56,Player,8
392233,57,Player,8
392233,61,Player,8
392233,82,Player,1
392233,83,Player,1
392233,84,Player,1
392233,97,Player,8
392233,104,Player,1
392233,112,Player,8
392233,131,Player,8
392233,170,Player,1
392233,178,Player,8
392233,188,Player,8
392233,195,Player,1
392233,200,Player,1
392233,256,Player,8
392234,28,Player,4
392234,29,Player,4
392234,54,Player,8
392234,56,Player,8
392234,57,Player,8
392234,61,Player,8
392234,65,Player,4
392234,66,Player,4
392234,67,Player,4
392234,68,Player,4
392234,77,Player,4
392234,97,Player,8
392234,112,Player,8
392234,131,Player,8
392234,139,Player,4
392234,153,Player,4
392234,178,Player,8
392234,188,Player,8
392234,206,Player,8
392235,31,Player,5
392235,35,Player,5
392235,39,Player,5
392235,40,Player,6
392235,73,Player,6
392235,74,Player,5
392235,90,Player,6
392235,110,Player,6
392235,126,Player,5
392235,135,Player,6
392235,136,Player,6
392235,168,Player,5
392235,169,Player,5
392235,171,Player,6
392235,192,Player,5
392235,196,Player,5
392235,223,Player,6
392235,439,Player,6
392236,1,Player,1
392236,4,Player,1
392236,17,Player,3
392236,21,Player,3
392236,22,Player,3
392236,23,Player,3
392236,63,Player,1
392236,82,Player,1
392236,83,Player,1
392236,104,Player,1
392236,106,Player,1
392236,109,Player,3
392236,121,Player,3
392236,151,Player,3
392236,174,Player,1
392236,186,Player,3
392236,197,Player,3
392236,218,Player,3
392236,395,Player,1
392237,6,Player,2
392237,8,Player,2
392237,9,Player,2
392237,12,Player,2
392237,14,Player,2
392237,40,Player,6
392237,46,Player,2
392237,52,Player,2
392237,73,Player,6
392237,90,Player,6
392237,96,Player,2
392237,110,Player,6
392237,171,Player,6
392237,175,Player,6
392237,177,Player,2
392237,198,Player,6
392237,199,Player,6
392237,439,Player,6
392238,1,Player,1
392238,4,Player,1
392238,31,Player,5
392238,35,Player,5
392238,63,Player,1
392238,82,Player,1
392238,101,Player,5
392238,104,Player,1
392238,106,Player,1
392238,126,Player,5
392238,138,Player,5
392238,159,Player,5
392238,168,Player,5
392238,170,Player,1
392238,192,Player,5
392238,196,Player,5
392238,242,Player,1
392238,441,Player,1
392239,17,Player,3
392239,21,Player,3
392239,22,Player,3
392239,23,Player,3
392239,28,Player,4
392239,29,Player,4
392239,65,Player,4
392239,66,Player,4
392239,67,Player,4
392239,68,Player,4
392239,77,Player,4
392239,120,Player,3
392239,121,Player,3
392239,139,Player,4
392239,151,Player,3
392239,153,Player,4
392239,156,Player,3
392239,197,Player,3
392239,201,Player,3
392240,40,Player,6
392240,44,Player,7
392240,48,Player,7
392240,50,Player,7
392240,80,Player,7
392240,85,Player,7
392240,89,Player,6
392240,110,Player,6
392240,116,Player,6
392240,135,Player,6
392240,136,Player,6
392240,154,Player,7
392240,187,Player,6
392240,194,Player,7
392240,202,Player,7
392240,223,Player,6
392240,439,Player,6
392240,442,Player,7
392241,6,Player,2
392241,8,Player,2
392241,9,Player,2
392241,12,Player,2
392241,14,Player,2
392241,46,Player,2
392241,52,Player,2
392241,54,Player,8
392241,56,Player,8
392241,57,Player,8
392241,61,Player,8
392241,96,Player,2
392241,97,Player,8
392241,131,Player,8
392241,172,Player,8
392241,177,Player,2
392241,178,Player,8
392241,188,Player,8
392241,206,Player,8
392242,40,Player,6
392242,54,Player,8
392242,56,Player,8
392242,57,Player,8
392242,61,Player,8
392242,73,Player,6
392242,89,Player,6
392242,97,Player,8
392242,110,Player,6
392242,116,Player,6
392242,131,Player,8
392242,135,Player,6
392242,136,Player,6
392242,172,Player,8
392242,178,Player,8
392242,187,Player,6
392242,188,Player,8
392242,223,Player,6
392242,256,Player,8
392243,6,Player,2
392243,8,Player,2
392243,9,Player,2
392243,14,Player,2
392243,17,Player,3
392243,18,Player,3
392243,21,Player,3
392243,22,Player,3
392243,23,Player,3
392243,46,Player,2
392243,52,Player,2
392243,81,Player,2
392243,96,Player,2
392243,109,Player,3
392243,120,Player,3
392243,121,Player,3
392243,151,Player,3
392243,177,Player,2
392243,186,Player,3
392244,6,Player,2
392244,8,Player,2
392244,9,Player,2
392244,14,Player,2
392244,46,Player,2
392244,52,Player,2
392244,54,Player,8
392244,56,Player,8
392244,57,Player,8
392244,61,Player,8
392244,81,Player,2
392244,96,Player,2
392244,97,Player,8
392244,131,Player,8
392244,172,Player,8
392244,177,Player,2
392244,178,Player,8
392244,188,Player,8
392244,256,Player,8
419111,55,Player,8
419111,56,Player,8
419111,57,Player,8
419111,60,Player,8
419111,61,Player,8
419111,63,Player,1
419111,83,Player,1
419111,84,Player,1
419111,87,Player,1
419111,97,Player,8
419111,104,Player,1
419111,131,Player,8
419111,178,Player,8
419111,191,Player,1
419111,203,Player,1
419111,204,Player,1
419111,205,Player,8
419111,206,Player,8
419111,242,Player,1
419112,15,Player,7
419112,31,Player,5
419112,44,Player,7
419112,50,Player,7
419112,74,Player,5
419112,79,Player,7
419112,101,Player,5
419112,137,Player,5
419112,160,Player,5
419112,194,Player,7
419112,208,Player,7
419112,209,Player,7
419112,210,Player,7
419112,211,Player,5
419112,212,Player,5
419112,213,Player,5
419112,238,Player,5
419112,286,Player,7
419113,27,Player,4
419113,29,Player,4
419113,33,Player,4
419113,41,Player,6
419113,64,Player,4
419113,67,Player,4
419113,77,Player,4
419113,90,Player,6
419113,91,Player,6
419113,110,Player,6
419113,116,Player,6
419113,135,Player,6
419113,136,Player,6
419113,153,Player,4
419113,161,Player,4
419113,171,Player,6
419113,214,Player,4
419113,215,Player,4
419113,223,Player,6
419114,6,Player,2
419114,8,Player,2
419114,9,Player,2
419114,14,Player,2
419114,46,Player,2
419114,83,Player,1
419114,84,Player,1
419114,87,Player,1
419114,94,Player,2
419114,96,Player,2
419114,104,Player,1
419114,177,Player,2
419114,191,Player,1
419114,203,Player,1
419114,204,Player,1
419114,216,Player,2
419114,219,Player,1
419114,242,Player,1
419115,18,Player,3
419115,21,Player,3
419115,23,Player,3
419115,55,Player,8
419115,56,Player,8
419115,57,Player,8
419115,60,Player,8
419115,61,Player,8
419115,97,Player,8
419115,109,Player,3
419115,121,Player,3
419115,131,Player,8
419115,151,Player,3
419115,178,Player,8
419115,185,Player,3
419115,201,Player,3
419115,205,Player,8
419115,206,Player,8
419115,217,Player,3
419115,218,Player,3
419116,31,Player,5
419116,41,Player,6
419116,74,Player,5
419116,90,Player,6
419116,101,Player,5
419116,110,Player,6
419116,116,Player,6
419116,126,Player,5
419116,135,Player,6
419116,136,Player,6
419116,137,Player,5
419116,171,Player,6
419116,211,Player,5
419116,212,Player,5
419116,213,Player,5
419116,222,Player,6
419116,223,Player,6
419116,238,Player,5
419117,6,Player,2
419117,8,Player,2
419117,9,Player,2
419117,14,Player,2
419117,27,Player,4
419117,29,Player,4
419117,33,Player,4
419117,46,Player,2
419117,64,Player,4
419117,67,Player,4
419117,77,Player,4
419117,81,Player,2
419117,94,Player,2
419117,96,Player,2
419117,161,Player,4
419117,214,Player,4
419117,215,Player,4
419117,216,Player,2
419117,228,Player,4
419118,18,Player,3
419118,21,Player,3
419118,23,Player,3
419118,63,Player,1
419118,83,Player,1
419118,84,Player,1
419118,87,Player,1
419118,104,Player,1
419118,109,Player,3
419118,120,Player,3
419118,121,Player,3
419118,151,Player,3
419118,185,Player,3
419118,191,Player,1
419118,201,Player,3
419118,204,Player,1
419118,217,Player,3
419118,219,Player,1
419118,220,Player,1
419119,15,Player,7
419119,41,Player,6
419119,44,Player,7
419119,50,Player,7
419119,71,Player,7
419119,79,Player,7
419119,90,Player,6
419119,110,Player,6
419119,116,Player,6
419119,135,Player,6
419119,136,Player,6
419119,171,Player,6
419119,194,Player,7
419119,208,Player,7
419119,209,Player,7
419119,221,Player,7
419119,222,Player,6
419119,223,Player,6
419120,6,Player,2
419120,8,Player,2
419120,9,Player,2
419120,14,Player,2
419120,31,Player,5
419120,39,Player,5
419120,46,Player,2
419120,81,Player,2
419120,94,Player,2
419120,96,Player,2
419120,126,Player,5
419120,190,Player,5
419120,211,Player,5
419120,212,Player,5
419120,216,Player,2
419120,224,Player,5
419120,225,Player,5
419120,226,Player,5
419121,18,Player,3
419121,23,Player,3
419121,41,Player,6
419121,89,Player,6
419121,109,Player,3
419121,110,Player,6
419121,116,Player,6
419121,119,Player,3
419121,121,Player,3
419121,135,Player,6
419121,136,Player,6
419121,151,Player,3
419121,171,Player,6
419121,185,Player,3
419121,187,Player,6
419121,201,Player,3
419121,217,Player,3
419121,223,Player,6
419121,232,Player,6
419122,27,Player,4
419122,29,Player,4
419122,55,Player,8
419122,56,Player,8
419122,57,Player,8
419122,60,Player,8
419122,61,Player,8
419122,64,Player,4
419122,67,Player,4
419122,77,Player,4
419122,97,Player,8
419122,131,Player,8
419122,161,Player,4
419122,178,Player,8
419122,205,Player,8
419122,206,Player,8
419122,214,Player,4
419122,227,Player,4
419122,228,Player,4
419122,234,Player,4
419123,31,Player,5
419123,39,Player,5
419123,83,Player,1
419123,84,Player,1
419123,87,Player,1
419123,104,Player,1
419123,106,Player,1
419123,126,Player,5
419123,191,Player,1
419123,203,Player,1
419123,204,Player,1
419123,211,Player,5
419123,212,Player,5
419123,220,Player,1
419123,224,Player,5
419123,229,Player,5
419123,230,Player,5
419123,238,Player,5
419124,6,Player,2
419124,8,Player,2
419124,9,Player,2
419124,14,Player,2
419124,15,Player,7
419124,44,Player,7
419124,46,Player,2
419124,50,Player,7
419124,71,Player,7
419124,79,Player,7
419124,81,Player,2
419124,94,Player,2
419124,96,Player,2
419124,194,Player,7
419124,208,Player,7
419124,209,Player,7
419124,216,Player,2
419124,221,Player,7
419125,41,Player,6
419125,54,Player,8
419125,56,Player,8
419125,57,Player,8
419125,60,Player,8
419125,61,Player,8
419125,97,Player,8
419125,110,Player,6
419125,131,Player,8
419125,136,Player,6
419125,163,Player,6
419125,171,Player,6
419125,178,Player,8
419125,187,Player,6
419125,199,Player,6
419125,222,Player,6
419125,223,Player,6
419125,231,Player,8
419125,232,Player,6
419125,235,Player,8
419127,15,Player,7
419127,42,Player,7
419127,50,Player,7
419127,71,Player,7
419127,79,Player,7
419127,83,Player,1
419127,84,Player,1
419127,162,Player,1
419127,191,Player,1
419127,194,Player,7
419127,203,Player,1
419127,204,Player,1
419127,209,Player,7
419127,210,Player,7
419127,220,Player,1
419127,221,Player,7
419127,236,Player,1
419127,287,Player,1
419128,6,Player,2
419128,8,Player,2
419128,9,Player,2
419128,14,Player,2
419128,18,Player,3
419128,23,Player,3
419128,46,Player,2
419128,81,Player,2
419128,94,Player,2
419128,96,Player,2
419128,109,Player,3
419128,121,Player,3
419128,151,Player,3
419128,185,Player,3
419128,197,Player,3
419128,201,Player,3
419128,216,Player,2
419128,218,Player,3
419129,27,Player,4
419129,29,Player,4
419129,31,Player,5
419129,33,Player,4
419129,39,Player,5
419129,64,Player,4
419129,67,Player,4
419129,77,Player,4
419129,126,Player,5
419129,161,Player,4
419129,211,Player,5
419129,212,Player,5
419129,214,Player,4
419129,224,Player,5
419129,229,Player,5
419129,230,Player,5
419129,233,Player,4
419129,234,Player,4
419129,238,Player,5
419130,15,Player,7
419130,17,Player,3
419130,18,Player,3
419130,21,Player,3
419130,23,Player,3
419130,42,Player,7
419130,50,Player,7
419130,71,Player,7
419130,79,Player,7
419130,109,Player,3
419130,119,Player,3
419130,121,Player,3
419130,151,Player,3
419130,186,Player,3
419130,194,Player,7
419130,209,Player,7
419130,210,Player,7
419130,221,Player,7
419130,280,Player,3
419131,31,Player,5
419131,39,Player,5
419131,54,Player,8
419131,55,Player,8
419131,56,Player,8
419131,57,Player,8
419131,60,Player,8
419131,61,Player,8
419131,97,Player,8
419131,131,Player,8
419131,178,Player,8
419131,211,Player,5
419131,212,Player,5
419131,224,Player,5
419131,226,Player,5
419131,229,Player,5
419131,230,Player,5
419131,235,Player,8
419131,238,Player,5
419132,4,Player,1
419132,24,Player,4
419132,27,Player,4
419132,29,Player,4
419132,64,Player,4
419132,66,Player,4
419132,67,Player,4
419132,82,Player,1
419132,87,Player,1
419132,106,Player,1
419132,140,Player,1
419132,161,Player,4
419132,162,Player,1
419132,191,Player,1
419132,214,Player,4
419132,220,Player,1
419132,234,Player,4
419132,236,Player,1
419132,243,Player,4
419133,6,Player,2
419133,8,Player,2
419133,9,Player,2
419133,14,Player,2
419133,41,Player,6
419133,46,Player,2
419133,81,Player,2
419133,94,Player,2
419133,96,Player,2
419133,110,Player,6
419133,116,Player,6
419133,136,Player,6
419133,171,Player,6
419133,187,Player,6
419133,198,Player,6
419133,216,Player,2
419133,223,Player,6
419133,232,Player,6
419133,237,Player,6
419134,18,Player,3
419134,21,Player,3
419134,23,Player,3
419134,31,Player,5
419134,39,Player,5
419134,109,Player,3
419134,119,Player,3
419134,121,Player,3
419134,156,Player,3
419134,185,Player,3
419134,186,Player,3
419134,211,Player,5
419134,212,Player,5
419134,224,Player,5
419134,226,Player,5
419134,229,Player,5
419134,230,Player,5
419134,238,Player,5
419134,239,Player,3
419135,15,Player,7
419135,42,Player,7
419135,50,Player,7
419135,54,Player,8
419135,56,Player,8
419135,57,Player,8
419135,61,Player,8
419135,71,Player,7
419135,79,Player,7
419135,97,Player,8
419135,131,Player,8
419135,178,Player,8
419135,194,Player,7
419135,206,Player,8
419135,209,Player,7
419135,210,Player,7
419135,221,Player,7
419135,231,Player,8
419135,240,Player,8
419136,4,Player,1
419136,41,Player,6
419136,82,Player,1
419136,83,Player,1
419136,84,Player,1
419136,87,Player,1
419136,89,Player,6
419136,136,Player,6
419136,162,Player,1
419136,187,Player,6
419136,191,Player,1
419136,198,Player,6
419136,223,Player,6
419136,232,Player,6
419136,236,Player,1
419136,237,Player,6
419136,241,Player,6
419136,242,Player,1
419137,15,Player,7
419137,24,Player,4
419137,27,Player,4
419137,29,Player,4
419137,42,Player,7
419137,50,Player,7
419137,66,Player,4
419137,67,Player,4
419137,71,Player,7
419137,79,Player,7
419137,100,Player,4
419137,161,Player,4
419137,194,Player,7
419137,209,Player,7
419137,210,Player,7
419137,221,Player,7
419137,234,Player,4
419137,243,Player,4
419138,6,Player,2
419138,8,Player,2
419138,9,Player,2
419138,10,Player,2
419138,14,Player,2
419138,18,Player,3
419138,21,Player,3
419138,23,Player,3
419138,81,Player,2
419138,94,Player,2
419138,96,Player,2
419138,109,Player,3
419138,120,Player,3
419138,121,Player,3
419138,156,Player,3
419138,158,Player,2
419138,185,Player,3
419138,186,Player,3
419138,443,Player,3
419139,31,Player,5
419139,39,Player,5
419139,41,Player,6
419139,90,Player,6
419139,136,Player,6
419139,187,Player,6
419139,198,Player,6
419139,211,Player,5
419139,212,Player,5
419139,222,Player,6
419139,224,Player,5
419139,226,Player,5
419139,229,Player,5
419139,230,Player,5
419139,232,Player,6
419139,237,Player,6
419139,238,Player,5
419139,241,Player,6
419140,4,Player,1
419140,54,Player,8
419140,56,Player,8
419140,57,Player,8
419140,82,Player,1
419140,83,Player,1
419140,87,Player,1
419140,97,Player,8
419140,131,Player,8
419140,162,Player,1
419140,178,Player,8
419140,191,Player,1
419140,203,Player,1
419140,206,Player,8
419140,220,Player,1
419140,231,Player,8
419140,240,Player,8
419140,256,Player,8
419140,444,Player,1
419141,6,Player,2
419141,8,Player,2
419141,9,Player,2
419141,10,Player,2
419141,14,Player,2
419141,27,Player,4
419141,29,Player,4
419141,66,Player,4
419141,67,Player,4
419141,77,Player,4
419141,81,Player,2
419141,94,Player,2
419141,96,Player,2
419141,100,Player,4
419141,158,Player,2
419141,161,Player,4
419141,214,Player,4
419141,228,Player,4
419141,234,Player,4
419142,18,Player,3
419142,21,Player,3
419142,23,Player,3
419142,31,Player,5
419142,32,Player,5
419142,109,Player,3
419142,121,Player,3
419142,125,Player,3
419142,169,Player,5
419142,185,Player,3
419142,186,Player,3
419142,211,Player,5
419142,218,Player,3
419142,224,Player,5
419142,226,Player,5
419142,229,Player,5
419142,238,Player,5
419142,248,Player,3
419142,273,Player,5
419143,15,Player,7
419143,42,Player,7
419143,50,Player,7
419143,55,Player,8
419143,56,Player,8
419143,57,Player,8
419143,71,Player,7
419143,79,Player,7
419143,97,Player,8
419143,131,Player,8
419143,178,Player,8
419143,188,Player,8
419143,194,Player,7
419143,206,Player,8
419143,209,Player,7
419143,210,Player,7
419143,221,Player,7
419143,231,Player,8
419143,235,Player,8
419144,4,Player,1
419144,27,Player,4
419144,29,Player,4
419144,64,Player,4
419144,67,Player,4
419144,82,Player,1
419144,83,Player,1
419144,87,Player,1
419144,153,Player,4
419144,161,Player,4
419144,162,Player,1
419144,191,Player,1
419144,203,Player,1
419144,220,Player,1
419144,228,Player,4
419144,233,Player,4
419144,234,Player,4
419144,346,Player,1
419145,6,Player,2
419145,8,Player,2
419145,9,Player,2
419145,10,Player,2
419145,41,Player,6
419145,52,Player,2
419145,81,Player,2
419145,89,Player,6
419145,90,Player,6
419145,116,Player,6
419145,136,Player,6
419145,158,Player,2
419145,175,Player,6
419145,181,Player,2
419145,187,Player,6
419145,237,Player,6
419145,241,Player,6
419145,244,Player,2
419146,31,Player,5
419146,32,Player,5
419146,39,Player,5
419146,55,Player,8
419146,56,Player,8
419146,57,Player,8
419146,61,Player,8
419146,131,Player,8
419146,147,Player,8
419146,169,Player,5
419146,172,Player,8
419146,188,Player,8
419146,190,Player,5
419146,205,Player,8
419146,211,Player,5
419146,224,Player,5
419146,229,Player,5
419146,245,Player,5
419146,256,Player,8
419147,18,Player,3
419147,19,Player,3
419147,21,Player,3
419147,23,Player,3
419147,42,Player,7
419147,50,Player,7
419147,71,Player,7
419147,79,Player,7
419147,156,Player,3
419147,185,Player,3
419147,186,Player,3
419147,194,Player,7
419147,201,Player,3
419147,209,Player,7
419147,210,Player,7
419147,218,Player,3
419147,221,Player,7
419147,246,Player,7
419147,248,Player,3
419148,27,Player,4
419148,29,Player,4
419148,31,Player,5
419148,32,Player,5
419148,39,Player,5
419148,64,Player,4
419148,67,Player,4
419148,77,Player,4
419148,153,Player,4
419148,161,Player,4
419148,169,Player,5
419148,211,Player,5
419148,224,Player,5
419148,228,Player,4
419148,229,Player,5
419148,230,Player,5
419148,233,Player,4
419148,245,Player,5
419149,2,Player,1
419149,41,Player,6
419149,82,Player,1
419149,87,Player,1
419149,89,Player,6
419149,90,Player,6
419149,106,Player,1
419149,116,Player,6
419149,136,Player,6
419149,140,Player,1
419149,162,Player,1
419149,174,Player,1
419149,175,Player,6
419149,187,Player,6
419149,191,Player,1
419149,203,Player,1
419149,237,Player,6
419149,241,Player,6
419150,6,Player,2
419150,8,Player,2
419150,9,Player,2
419150,10,Player,2
419150,14,Player,2
419150,52,Player,2
419150,54,Player,8
419150,56,Player,8
419150,57,Player,8
419150,61,Player,8
419150,81,Player,2
419150,94,Player,2
419150,96,Player,2
419150,131,Player,8
419150,178,Player,8
419150,188,Player,8
419150,231,Player,8
419150,253,Player,8
419150,256,Player,8
419151,15,Player,7
419151,24,Player,4
419151,27,Player,4
419151,29,Player,4
419151,42,Player,7
419151,50,Player,7
419151,64,Player,4
419151,66,Player,4
419151,67,Player,4
419151,79,Player,7
419151,153,Player,4
419151,154,Player,7
419151,194,Player,7
419151,209,Player,7
419151,210,Player,7
419151,221,Player,7
419151,227,Player,4
419151,247,Player,4
419151,291,Player,4
419152,18,Player,3
419152,19,Player,3
419152,21,Player,3
419152,23,Player,3
419152,56,Player,8
419152,57,Player,8
419152,61,Player,8
419152,131,Player,8
419152,147,Player,8
419152,156,Player,3
419152,178,Player,8
419152,185,Player,3
419152,186,Player,3
419152,188,Player,8
419152,201,Player,3
419152,218,Player,3
419152,231,Player,8
419152,248,Player,3
419152,250,Player,8
419152,256,Player,8
419153,2,Player,1
419153,6,Player,2
419153,8,Player,2
419153,9,Player,2
419153,10,Player,2
419153,14,Player,2
419153,52,Player,2
419153,81,Player,2
419153,82,Player,1
419153,84,Player,1
419153,87,Player,1
419153,94,Player,2
419153,106,Player,1
419153,162,Player,1
419153,174,Player,1
419153,191,Player,1
419153,203,Player,1
419153,249,Player,2
419154,24,Player,4
419154,27,Player,4
419154,29,Player,4
419154,41,Player,6
419154,64,Player,4
419154,67,Player,4
419154,73,Player,6
419154,89,Player,6
419154,90,Player,6
419154,136,Player,6
419154,153,Player,4
419154,171,Player,6
419154,175,Player,6
419154,187,Player,6
419154,227,Player,4
419154,233,Player,4
419154,241,Player,6
419154,247,Player,4
419154,291,Player,4
419155,15,Player,7
419155,31,Player,5
419155,32,Player,5
419155,39,Player,5
419155,44,Player,7
419155,50,Player,7
419155,79,Player,7
419155,80,Player,7
419155,154,Player,7
419155,169,Player,5
419155,194,Player,7
419155,209,Player,7
419155,211,Player,5
419155,221,Player,7
419155,224,Player,5
419155,229,Player,5
419155,230,Player,5
419155,245,Player,5
419156,6,Player,2
419156,8,Player,2
419156,9,Player,2
419156,10,Player,2
419156,52,Player,2
419156,56,Player,8
419156,57,Player,8
419156,61,Player,8
419156,81,Player,2
419156,94,Player,2
419156,96,Player,2
419156,97,Player,8
419156,131,Player,8
419156,178,Player,8
419156,181,Player,2
419156,188,Player,8
419156,231,Player,8
419156,250,Player,8
419156,256,Player,8
419157,15,Player,7
419157,41,Player,6
419157,50,Player,7
419157,71,Player,7
419157,73,Player,6
419157,79,Player,7
419157,110,Player,6
419157,116,Player,6
419157,136,Player,6
419157,149,Player,7
419157,154,Player,7
419157,187,Player,6
419157,198,Player,6
419157,208,Player,7
419157,221,Player,7
419157,222,Player,6
419157,241,Player,6
419157,286,Player,7
419158,2,Player,1
419158,4,Player,1
419158,18,Player,3
419158,21,Player,3
419158,23,Player,3
419158,63,Player,1
419158,82,Player,1
419158,87,Player,1
419158,106,Player,1
419158,109,Player,3
419158,121,Player,3
419158,125,Player,3
419158,140,Player,1
419158,162,Player,1
419158,185,Player,3
419158,186,Player,3
419158,191,Player,1
419158,201,Player,3
419158,248,Player,3
419159,6,Player,2
419159,8,Player,2
419159,9,Player,2
419159,31,Player,5
419159,32,Player,5
419159,39,Player,5
419159,52,Player,2
419159,75,Player,2
419159,81,Player,2
419159,94,Player,2
419159,96,Player,2
419159,158,Player,2
419159,160,Player,5
419159,169,Player,5
419159,211,Player,5
419159,224,Player,5
419159,230,Player,5
419159,252,Player,5
419160,18,Player,3
419160,19,Player,3
419160,21,Player,3
419160,23,Player,3
419160,41,Player,6
419160,73,Player,6
419160,109,Player,3
419160,135,Player,6
419160,136,Player,6
419160,151,Player,3
419160,171,Player,6
419160,185,Player,3
419160,186,Player,3
419160,187,Player,6
419160,201,Player,3
419160,223,Player,6
419160,232,Player,6
419160,241,Player,6
419160,248,Player,3
419161,24,Player,4
419161,27,Player,4
419161,29,Player,4
419161,56,Player,8
419161,57,Player,8
419161,61,Player,8
419161,64,Player,4
419161,67,Player,4
419161,100,Player,4
419161,131,Player,8
419161,178,Player,8
419161,188,Player,8
419161,231,Player,8
419161,233,Player,4
419161,234,Player,4
419161,235,Player,8
419161,243,Player,4
419161,247,Player,4
419161,250,Player,8
419161,253,Player,8
419162,6,Player,2
419162,8,Player,2
419162,9,Player,2
419162,15,Player,7
419162,48,Player,7
419162,50,Player,7
419162,52,Player,2
419162,75,Player,2
419162,79,Player,7
419162,81,Player,2
419162,94,Player,2
419162,96,Player,2
419162,149,Player,7
419162,154,Player,7
419162,158,Player,2
419162,208,Player,7
419162,210,Player,7
419162,221,Player,7
419163,31,Player,5
419163,32,Player,5
419163,39,Player,5
419163,63,Player,1
419163,83,Player,1
419163,87,Player,1
419163,106,Player,1
419163,160,Player,5
419163,162,Player,1
419163,169,Player,5
419163,191,Player,1
419163,203,Player,1
419163,212,Player,5
419163,220,Player,1
419163,229,Player,5
419163,230,Player,5
419163,254,Player,5
419163,346,Player,1
419164,18,Player,3
419164,21,Player,3
419164,23,Player,3
419164,24,Player,4
419164,27,Player,4
419164,29,Player,4
419164,64,Player,4
419164,65,Player,4
419164,67,Player,4
419164,78,Player,4
419164,100,Player,4
419164,109,Player,3
419164,153,Player,4
419164,185,Player,3
419164,186,Player,3
419164,201,Player,3
419164,217,Player,3
419164,218,Player,3
419164,233,Player,4
419164,248,Player,3
419165,41,Player,6
419165,56,Player,8
419165,57,Player,8
419165,60,Player,8
419165,73,Player,6
419165,131,Player,8
419165,135,Player,6
419165,136,Player,6
419165,171,Player,6
419165,178,Player,8
419165,187,Player,6
419165,223,Player,6
419165,231,Player,8
419165,232,Player,6
419165,235,Player,8
419165,241,Player,6
419165,250,Player,8
419165,253,Player,8
419165,256,Player,8
419166,2,Player,1
419166,4,Player,1
419166,42,Player,7
419166,79,Player,7
419166,83,Player,1
419166,87,Player,1
419166,106,Player,1
419166,149,Player,7
419166,154,Player,7
419166,191,Player,1
419166,203,Player,1
419166,208,Player,7
419166,209,Player,7
419166,210,Player,7
419166,220,Player,1
419166,255,Player,7
419166,286,Player,7
419166,346,Player,1
419167,6,Player,2
419167,8,Player,2
419167,9,Player,2
419167,14,Player,2
419167,15,Player,7
419167,42,Player,7
419167,48,Player,7
419167,50,Player,7
419167,52,Player,2
419167,79,Player,7
419167,81,Player,2
419167,94,Player,2
419167,96,Player,2
419167,149,Player,7
419167,154,Player,7
419167,158,Player,2
419167,194,Player,7
419167,221,Player,7
419168,18,Player,3
419168,21,Player,3
419168,23,Player,3
419168,56,Player,8
419168,57,Player,8
419168,61,Player,8
419168,97,Player,8
419168,109,Player,3
419168,121,Player,3
419168,125,Player,3
419168,131,Player,8
419168,178,Player,8
419168,185,Player,3
419168,186,Player,3
419168,188,Player,8
419168,201,Player,3
419168,231,Player,8
419168,248,Player,3
419168,250,Player,8
419168,256,Player,8
419169,6,Player,2
419169,8,Player,2
419169,9,Player,2
419169,10,Player,2
419169,12,Player,2
419169,14,Player,2
419169,54,Player,8
419169,56,Player,8
419169,57,Player,8
419169,94,Player,2
419169,131,Player,8
419169,147,Player,8
419169,158,Player,2
419169,188,Player,8
419169,205,Player,8
419169,231,Player,8
419169,235,Player,8
419169,256,Player,8
419169,298,Player,2
419170,15,Player,7
419170,18,Player,3
419170,21,Player,3
419170,23,Player,3
419170,42,Player,7
419170,48,Player,7
419170,50,Player,7
419170,79,Player,7
419170,109,Player,3
419170,121,Player,3
419170,125,Player,3
419170,149,Player,7
419170,154,Player,7
419170,185,Player,3
419170,186,Player,3
419170,194,Player,7
419170,201,Player,3
419170,221,Player,7
419170,248,Player,3
501203,9,Player,1
501203,21,Player,3
501203,23,Player,3
501203,31,Player,1
501203,58,Player,3
501203,63,Player,1
501203,87,Player,1
501203,89,Player,1
501203,109,Player,3
501203,125,Player,3
501203,140,Player,1
501203,151,Player,1
501203,185,Player,3
501203,186,Player,3
501203,201,Player,3
501203,216,Player,1
501203,222,Player,1
501203,278,Player,3
501203,377,Player,3
501204,6,Player,5
501204,22,Player,5
501204,39,Player,5
501204,42,Player,8
501204,52,Player,5
501204,84,Player,8
501204,93,Player,8
501204,94,Player,8
501204,112,Player,8
501204,131,Player,8
501204,136,Player,8
501204,154,Player,8
501204,169,Player,5
501204,192,Player,5
501204,196,Player,5
501204,255,Player,5
501204,257,Player,8
501204,258,Player,8
501204,266,Player,5
501205,2,Player,9
501205,8,Player,2
501205,15,Player,2
501205,35,Player,9
501205,55,Player,9
501205,61,Player,9
501205,77,Player,9
501205,79,Player,2
501205,81,Player,9
501205,104,Player,9
501205,121,Player,9
501205,135,Player,2
501205,203,Player,2
501205,223,Player,2
501205,244,Player,2
501205,259,Player,9
501205,260,Player,2
501205,261,Player,2
501206,29,Player,6
501206,50,Player,7
501206,54,Player,6
501206,57,Player,7
501206,106,Player,6
501206,126,Player,7
501206,177,Player,6
501206,187,Player,6
501206,190,Player,6
501206,194,Player,7
501206,208,Player,7
501206,209,Player,7
501206,221,Player,7
501206,232,Player,6
501206,254,Player,6
501206,262,Player,6
501206,275,Player,7
501206,286,Player,7
501207,14,Player,4
501207,48,Player,4
501207,67,Player,4
501207,74,Player,10
501207,83,Player,10
501207,88,Player,4
501207,100,Player,4
501207,157,Player,10
501207,167,Player,4
501207,171,Player,10
501207,210,Player,4
501207,231,Player,10
501207,235,Player,10
501207,264,Player,4
501207,265,Player,4
501207,267,Player,10
501207,273,Player,10
501207,274,Player,10
501207,302,Player,4
501208,9,Player,1
501208,31,Player,1
501208,42,Player,8
501208,84,Player,8
501208,87,Player,1
501208,89,Player,1
501208,93,Player,8
501208,94,Player,8
501208,112,Player,8
501208,131,Player,8
501208,136,Player,8
501208,140,Player,1
501208,151,Player,1
501208,154,Player,8
501208,216,Player,1
501208,257,Player,8
501208,258,Player,8
501208,284,Player,1
501208,346,Player,1
501209,6,Player,5
501209,29,Player,6
501209,39,Player,5
501209,52,Player,5
501209,54,Player,6
501209,85,Player,5
501209,106,Player,6
501209,169,Player,5
501209,177,Player,6
501209,187,Player,6
501209,190,Player,6
501209,192,Player,5
501209,196,Player,5
501209,238,Player,5
501209,254,Player,6
501209,262,Player,6
501209,266,Player,5
501209,293,Player,6
501210,8,Player,2
501210,15,Player,2
501210,50,Player,7
501210,57,Player,7
501210,79,Player,2
501210,126,Player,7
501210,135,Player,2
501210,194,Player,7
501210,203,Player,2
501210,208,Player,7
501210,209,Player,7
501210,221,Player,7
501210,223,Player,2
501210,244,Player,2
501210,260,Player,2
501210,261,Player,2
501210,275,Player,7
501210,286,Player,7
501211,14,Player,4
501211,21,Player,3
501211,23,Player,3
501211,48,Player,4
501211,58,Player,3
501211,67,Player,4
501211,88,Player,4
501211,100,Player,4
501211,109,Player,3
501211,125,Player,3
501211,167,Player,4
501211,185,Player,3
501211,186,Player,3
501211,188,Player,4
501211,201,Player,3
501211,210,Player,4
501211,264,Player,4
501211,278,Player,3
501211,302,Player,4
501211,377,Player,3
501212,2,Player,9
501212,35,Player,9
501212,55,Player,9
501212,61,Player,9
501212,74,Player,10
501212,77,Player,9
501212,81,Player,9
501212,83,Player,10
501212,104,Player,9
501212,121,Player,9
501212,157,Player,10
501212,171,Player,10
501212,231,Player,10
501212,235,Player,10
501212,259,Player,9
501212,267,Player,10
501212,273,Player,10
501212,274,Player,10
501213,8,Player,2
501213,15,Player,2
501213,42,Player,8
501213,65,Player,8
501213,79,Player,2
501213,84,Player,8
501213,93,Player,8
501213,94,Player,8
501213,112,Player,8
501213,120,Player,8
501213,135,Player,2
501213,136,Player,8
501213,154,Player,8
501213,203,Player,2
501213,258,Player,8
501213,260,Player,2
501213,268,Player,2
501213,269,Player,2
501213,270,Player,2
501214,6,Player,5
501214,9,Player,1
501214,31,Player,1
501214,32,Player,5
501214,39,Player,5
501214,52,Player,5
501214,66,Player,1
501214,87,Player,1
501214,89,Player,1
501214,140,Player,1
501214,151,Player,1
501214,169,Player,5
501214,192,Player,5
501214,196,Player,5
501214,216,Player,1
501214,266,Player,5
501214,276,Player,1
501214,298,Player,5
501215,2,Player,9
501215,35,Player,9
501215,50,Player,7
501215,56,Player,7
501215,57,Player,7
501215,61,Player,9
501215,81,Player,9
501215,104,Player,9
501215,126,Player,7
501215,153,Player,9
501215,194,Player,7
501215,208,Player,7
501215,209,Player,7
501215,221,Player,7
501215,237,Player,9
501215,259,Player,9
501215,280,Player,9
501215,286,Player,7
501216,8,Player,2
501216,15,Player,2
501216,19,Player,3
501216,21,Player,3
501216,23,Player,3
501216,79,Player,2
501216,109,Player,3
501216,125,Player,3
501216,135,Player,2
501216,185,Player,3
501216,186,Player,3
501216,201,Player,3
501216,203,Player,2
501216,260,Player,2
501216,261,Player,2
501216,268,Player,2
501216,269,Player,2
501216,278,Player,3
501216,377,Player,3
501217,14,Player,4
501217,42,Player,8
501217,48,Player,4
501217,65,Player,8
501217,67,Player,4
501217,84,Player,8
501217,88,Player,4
501217,93,Player,8
501217,94,Player,8
501217,100,Player,4
501217,112,Player,8
501217,120,Player,8
501217,136,Player,8
501217,154,Player,8
501217,167,Player,4
501217,188,Player,4
501217,210,Player,4
501217,243,Player,4
501217,258,Player,8
501217,264,Player,4
501218,25,Player,6
501218,29,Player,6
501218,54,Player,6
501218,74,Player,10
501218,106,Player,6
501218,157,Player,10
501218,171,Player,10
501218,187,Player,6
501218,211,Player,10
501218,231,Player,10
501218,232,Player,6
501218,235,Player,10
501218,254,Player,6
501218,267,Player,10
501218,271,Player,6
501218,273,Player,10
501218,274,Player,10
501218,293,Player,6
501219,9,Player,1
501219,31,Player,1
501219,32,Player,5
501219,39,Player,5
501219,52,Player,5
501219,66,Player,1
501219,85,Player,5
501219,87,Player,1
501219,89,Player,1
501219,140,Player,1
501219,151,Player,1
501219,169,Player,5
501219,196,Player,5
501219,216,Player,1
501219,229,Player,5
501219,238,Player,5
501219,266,Player,5
501219,276,Player,1
501220,2,Player,9
501220,19,Player,3
501220,21,Player,3
501220,23,Player,3
501220,35,Player,9
501220,61,Player,9
501220,81,Player,9
501220,104,Player,9
501220,109,Player,3
501220,125,Player,3
501220,153,Player,9
501220,185,Player,3
501220,186,Player,3
501220,201,Player,3
501220,237,Player,9
501220,248,Player,3
501220,259,Player,9
501220,280,Player,9
501220,377,Player,3
501221,10,Player,8
501221,25,Player,6
501221,29,Player,6
501221,42,Player,8
501221,54,Player,6
501221,65,Player,8
501221,93,Player,8
501221,94,Player,8
501221,106,Player,6
501221,112,Player,8
501221,131,Player,8
501221,136,Player,8
501221,187,Player,6
501221,190,Player,6
501221,199,Player,6
501221,254,Player,6
501221,256,Player,8
501221,258,Player,8
501221,293,Player,6
501223,46,Player,10
501223,56,Player,7
501223,57,Player,7
501223,83,Player,10
501223,126,Player,7
501223,157,Player,10
501223,171,Player,10
501223,194,Player,7
501223,209,Player,7
501223,221,Player,7
501223,231,Player,10
501223,235,Player,10
501223,246,Player,7
501223,267,Player,10
501223,273,Player,10
501223,274,Player,10
501223,275,Player,7
501223,286,Player,7
501224,2,Player,9
501224,9,Player,1
501224,31,Player,1
501224,35,Player,9
501224,61,Player,9
501224,66,Player,1
501224,81,Player,9
501224,87,Player,1
501224,89,Player,1
501224,104,Player,9
501224,121,Player,9
501224,140,Player,1
501224,151,Player,1
501224,153,Player,9
501224,216,Player,1
501224,237,Player,9
501224,259,Player,9
501224,276,Player,1
501225,6,Player,5
501225,14,Player,4
501225,32,Player,5
501225,39,Player,5
501225,48,Player,4
501225,52,Player,5
501225,67,Player,4
501225,88,Player,4
501225,100,Player,4
501225,101,Player,5
501225,167,Player,4
501225,169,Player,5
501225,188,Player,4
501225,210,Player,4
501225,238,Player,5
501225,255,Player,5
501225,264,Player,4
501225,266,Player,5
501225,302,Player,4
501226,19,Player,3
501226,21,Player,3
501226,23,Player,3
501226,50,Player,7
501226,56,Player,7
501226,57,Player,7
501226,109,Player,3
501226,119,Player,3
501226,125,Player,3
501226,126,Player,7
501226,185,Player,3
501226,194,Player,7
501226,201,Player,3
501226,209,Player,7
501226,221,Player,7
501226,246,Player,7
501226,248,Player,3
501226,275,Player,7
501226,278,Player,3
501227,8,Player,2
501227,9,Player,1
501227,15,Player,2
501227,31,Player,1
501227,79,Player,2
501227,87,Player,1
501227,89,Player,1
501227,135,Player,2
501227,140,Player,1
501227,151,Player,1
501227,162,Player,2
501227,203,Player,2
501227,216,Player,1
501227,261,Player,2
501227,270,Player,2
501227,276,Player,1
501227,283,Player,2
501227,346,Player,1
501228,4,Player,4
501228,14,Player,4
501228,25,Player,6
501228,29,Player,6
501228,48,Player,4
501228,54,Player,6
501228,67,Player,4
501228,82,Player,6
501228,88,Player,4
501228,100,Player,4
501228,167,Player,4
501228,187,Player,6
501228,188,Player,4
501228,190,Player,6
501228,199,Player,6
501228,234,Player,4
501228,254,Player,6
501228,264,Player,4
501228,296,Player,6
501229,10,Player,8
501229,42,Player,8
501229,50,Player,7
501229,56,Player,7
501229,57,Player,7
501229,65,Player,8
501229,84,Player,8
501229,93,Player,8
501229,94,Player,8
501229,112,Player,8
501229,126,Player,7
501229,131,Player,8
501229,136,Player,8
501229,194,Player,7
501229,208,Player,7
501229,209,Player,7
501229,221,Player,7
501229,246,Player,7
501229,258,Player,8
501230,6,Player,5
501230,32,Player,5
501230,35,Player,9
501230,39,Player,5
501230,52,Player,5
501230,55,Player,9
501230,61,Player,9
501230,81,Player,9
501230,85,Player,5
501230,104,Player,9
501230,121,Player,9
501230,192,Player,5
501230,196,Player,5
501230,237,Player,9
501230,255,Player,5
501230,259,Player,9
501230,266,Player,5
501230,280,Player,9
501231,19,Player,3
501231,21,Player,3
501231,23,Player,3
501231,83,Player,10
501231,96,Player,10
501231,109,Player,3
501231,125,Player,3
501231,157,Player,10
501231,171,Player,10
501231,185,Player,3
501231,186,Player,3
501231,201,Player,3
501231,231,Player,10
501231,235,Player,10
501231,248,Player,3
501231,274,Player,10
501231,278,Player,3
501231,281,Player,10
501231,282,Player,10
501232,8,Player,2
501232,15,Player,2
501232,25,Player,6
501232,29,Player,6
501232,54,Player,6
501232,79,Player,2
501232,106,Player,6
501232,135,Player,2
501232,162,Player,2
501232,187,Player,6
501232,190,Player,6
501232,199,Player,6
501232,203,Player,2
501232,232,Player,6
501232,244,Player,2
501232,270,Player,2
501232,271,Player,6
501232,283,Player,2
501233,19,Player,3
501233,21,Player,3
501233,23,Player,3
501233,83,Player,10
501233,96,Player,10
501233,125,Player,3
501233,157,Player,10
501233,171,Player,10
501233,185,Player,3
501233,186,Player,3
501233,201,Player,3
501233,231,Player,10
501233,235,Player,10
501233,248,Player,3
501233,253,Player,10
501233,274,Player,10
501233,282,Player,10
501233,324,Player,3
501233,377,Player,3
501234,2,Player,9
501234,10,Player,8
501234,35,Player,9
501234,42,Player,8
501234,61,Player,9
501234,65,Player,8
501234,77,Player,9
501234,81,Player,9
501234,84,Player,8
501234,93,Player,8
501234,94,Player,8
501234,104,Player,9
501234,112,Player,8
501234,120,Player,8
501234,136,Player,8
501234,237,Player,9
501234,258,Player,8
501234,259,Player,9
501234,280,Player,9
501235,9,Player,1
501235,25,Player,6
501235,29,Player,6
501235,31,Player,1
501235,54,Player,6
501235,66,Player,1
501235,82,Player,6
501235,87,Player,1
501235,140,Player,1
501235,151,Player,1
501235,187,Player,6
501235,190,Player,6
501235,199,Player,6
501235,216,Player,1
501235,232,Player,6
501235,284,Player,1
501235,285,Player,6
501235,346,Player,1
501236,6,Player,5
501236,32,Player,5
501236,39,Player,5
501236,50,Player,7
501236,52,Player,5
501236,56,Player,7
501236,57,Player,7
501236,85,Player,5
501236,126,Player,7
501236,192,Player,5
501236,194,Player,7
501236,196,Player,5
501236,208,Player,7
501236,209,Player,7
501236,221,Player,7
501236,255,Player,5
501236,266,Player,5
501236,286,Player,7
501237,8,Player,2
501237,15,Player,2
501237,33,Player,2
501237,79,Player,2
501237,96,Player,10
501237,135,Player,2
501237,157,Player,10
501237,160,Player,10
501237,162,Player,2
501237,171,Player,10
501237,235,Player,10
501237,244,Player,2
501237,270,Player,2
501237,272,Player,10
501237,274,Player,10
501237,282,Player,10
501237,283,Player,2
501237,287,Player,10
501238,2,Player,9
501238,12,Player,9
501238,29,Player,6
501238,35,Player,9
501238,54,Player,6
501238,61,Player,9
501238,77,Player,9
501238,81,Player,9
501238,82,Player,6
501238,104,Player,9
501238,153,Player,9
501238,177,Player,6
501238,187,Player,6
501238,190,Player,6
501238,199,Player,6
501238,232,Player,6
501238,285,Player,6
501238,288,Player,9
501239,4,Player,4
501239,9,Player,1
501239,14,Player,4
501239,31,Player,1
501239,48,Player,4
501239,66,Player,1
501239,67,Player,4
501239,87,Player,1
501239,88,Player,4
501239,89,Player,1
501239,100,Player,4
501239,140,Player,1
501239,151,Player,1
501239,167,Player,4
501239,188,Player,4
501239,216,Player,1
501239,228,Player,4
501239,284,Player,1
501239,302,Player,4
501240,6,Player,5
501240,32,Player,5
501240,39,Player,5
501240,52,Player,5
501240,83,Player,10
501240,85,Player,5
501240,96,Player,10
501240,157,Player,10
501240,171,Player,10
501240,192,Player,5
501240,196,Player,5
501240,235,Player,10
501240,255,Player,5
501240,266,Player,5
501240,274,Player,10
501240,281,Player,10
501240,282,Player,10
501240,287,Player,10
501241,10,Player,8
501241,19,Player,3
501241,21,Player,3
501241,23,Player,3
501241,42,Player,8
501241,65,Player,8
501241,84,Player,8
501241,93,Player,8
501241,109,Player,3
501241,125,Player,3
501241,131,Player,8
501241,136,Player,8
501241,154,Player,8
501241,185,Player,3
501241,186,Player,3
501241,201,Player,3
501241,248,Player,3
501241,256,Player,8
501241,258,Player,8
501241,278,Player,3
501242,4,Player,4
501242,14,Player,4
501242,48,Player,4
501242,50,Player,7
501242,56,Player,7
501242,57,Player,7
501242,67,Player,4
501242,88,Player,4
501242,100,Player,4
501242,126,Player,7
501242,167,Player,4
501242,178,Player,7
501242,188,Player,4
501242,194,Player,7
501242,208,Player,7
501242,221,Player,7
501242,228,Player,4
501242,246,Player,7
501242,302,Player,4
501243,2,Player,9
501243,29,Player,6
501243,35,Player,9
501243,54,Player,6
501243,61,Player,9
501243,77,Player,9
501243,81,Player,9
501243,82,Player,6
501243,104,Player,9
501243,177,Player,6
501243,187,Player,6
501243,190,Player,6
501243,199,Player,6
501243,232,Player,6
501243,259,Player,9
501243,285,Player,6
501243,288,Player,9
501243,294,Player,9
501244,9,Player,1
501244,10,Player,8
501244,31,Player,1
501244,42,Player,8
501244,65,Player,8
501244,66,Player,1
501244,84,Player,8
501244,87,Player,1
501244,89,Player,1
501244,93,Player,8
501244,94,Player,8
501244,112,Player,8
501244,131,Player,8
501244,136,Player,8
501244,140,Player,1
501244,151,Player,1
501244,216,Player,1
501244,258,Player,8
501244,346,Player,1
501245,6,Player,5
501245,19,Player,3
501245,21,Player,3
501245,23,Player,3
501245,32,Player,5
501245,39,Player,5
501245,52,Player,5
501245,85,Player,5
501245,109,Player,3
501245,125,Player,3
501245,185,Player,3
501245,186,Player,3
501245,192,Player,5
501245,201,Player,3
501245,248,Player,3
501245,255,Player,5
501245,266,Player,5
501245,278,Player,3
501245,298,Player,5
501246,50,Player,7
501246,56,Player,7
501246,57,Player,7
501246,74,Player,10
501246,80,Player,7
501246,96,Player,10
501246,126,Player,7
501246,157,Player,10
501246,171,Player,10
501246,178,Player,7
501246,194,Player,7
501246,211,Player,10
501246,221,Player,7
501246,235,Player,10
501246,273,Player,10
501246,274,Player,10
501246,282,Player,10
501246,289,Player,7
501247,2,Player,9
501247,9,Player,1
501247,31,Player,1
501247,35,Player,9
501247,61,Player,9
501247,66,Player,1
501247,77,Player,9
501247,81,Player,9
501247,87,Player,1
501247,89,Player,1
501247,104,Player,9
501247,140,Player,1
501247,216,Player,1
501247,222,Player,1
501247,259,Player,9
501247,288,Player,9
501247,294,Player,9
501247,346,Player,1
501248,25,Player,6
501248,29,Player,6
501248,42,Player,8
501248,54,Player,6
501248,65,Player,8
501248,82,Player,6
501248,84,Player,8
501248,93,Player,8
501248,94,Player,8
501248,112,Player,8
501248,136,Player,8
501248,154,Player,8
501248,190,Player,6
501248,199,Player,6
501248,254,Player,6
501248,258,Player,8
501248,285,Player,6
501248,290,Player,8
501248,439,Player,6
501249,8,Player,2
501249,14,Player,4
501249,15,Player,2
501249,33,Player,2
501249,48,Player,4
501249,67,Player,4
501249,79,Player,2
501249,88,Player,4
501249,100,Player,4
501249,135,Player,2
501249,162,Player,2
501249,167,Player,4
501249,188,Player,4
501249,210,Player,4
501249,244,Player,2
501249,261,Player,2
501249,264,Player,4
501249,270,Player,2
501249,291,Player,4
501250,9,Player,1
501250,19,Player,3
501250,21,Player,3
501250,23,Player,3
501250,31,Player,1
501250,62,Player,3
501250,66,Player,1
501250,87,Player,1
501250,89,Player,1
501250,109,Player,3
501250,140,Player,1
501250,151,Player,1
501250,185,Player,3
501250,186,Player,3
501250,201,Player,3
501250,216,Player,1
501250,248,Player,3
501250,278,Player,3
501250,346,Player,1
501251,25,Player,6
501251,29,Player,6
501251,50,Player,7
501251,54,Player,6
501251,56,Player,7
501251,57,Player,7
501251,80,Player,7
501251,82,Player,6
501251,126,Player,7
501251,178,Player,7
501251,187,Player,6
501251,190,Player,6
501251,194,Player,7
501251,199,Player,6
501251,221,Player,7
501251,289,Player,7
501251,292,Player,6
501251,293,Player,6
501252,2,Player,9
501252,8,Player,2
501252,15,Player,2
501252,33,Player,2
501252,35,Player,9
501252,61,Player,9
501252,79,Player,2
501252,81,Player,9
501252,104,Player,9
501252,135,Player,2
501252,153,Player,9
501252,162,Player,2
501252,203,Player,2
501252,244,Player,2
501252,259,Player,9
501252,270,Player,2
501252,288,Player,9
501252,294,Player,9
501253,4,Player,4
501253,14,Player,4
501253,88,Player,4
501253,96,Player,10
501253,100,Player,4
501253,148,Player,4
501253,157,Player,10
501253,167,Player,4
501253,188,Player,4
501253,211,Player,10
501253,234,Player,4
501253,235,Player,10
501253,236,Player,4
501253,253,Player,10
501253,267,Player,10
501253,273,Player,10
501253,295,Player,10
501253,299,Player,10
501253,302,Player,4
501254,6,Player,5
501254,19,Player,3
501254,21,Player,3
501254,23,Player,3
501254,32,Player,5
501254,39,Player,5
501254,52,Player,5
501254,62,Player,3
501254,71,Player,3
501254,85,Player,5
501254,109,Player,3
501254,169,Player,5
501254,185,Player,3
501254,186,Player,3
501254,192,Player,5
501254,196,Player,5
501254,201,Player,3
501254,248,Player,3
501254,266,Player,5
501255,1,Player,10
501255,42,Player,8
501255,65,Player,8
501255,84,Player,8
501255,93,Player,8
501255,94,Player,8
501255,96,Player,10
501255,112,Player,8
501255,131,Player,8
501255,136,Player,8
501255,154,Player,8
501255,157,Player,10
501255,235,Player,10
501255,253,Player,10
501255,258,Player,8
501255,267,Player,10
501255,273,Player,10
501255,295,Player,10
501255,299,Player,10
501256,4,Player,4
501256,14,Player,4
501256,50,Player,7
501256,56,Player,7
501256,57,Player,7
501256,80,Player,7
501256,88,Player,4
501256,100,Player,4
501256,126,Player,7
501256,167,Player,4
501256,178,Player,7
501256,188,Player,4
501256,194,Player,7
501256,221,Player,7
501256,228,Player,4
501256,234,Player,4
501256,236,Player,4
501256,289,Player,7
501256,302,Player,4
501257,6,Player,5
501257,15,Player,2
501257,32,Player,5
501257,33,Player,2
501257,39,Player,5
501257,52,Player,5
501257,75,Player,5
501257,79,Player,2
501257,85,Player,5
501257,110,Player,2
501257,135,Player,2
501257,162,Player,2
501257,169,Player,5
501257,192,Player,5
501257,242,Player,2
501257,266,Player,5
501257,270,Player,2
501257,445,Player,2
501258,19,Player,3
501258,21,Player,3
501258,23,Player,3
501258,29,Player,6
501258,54,Player,6
501258,62,Player,3
501258,71,Player,3
501258,82,Player,6
501258,109,Player,3
501258,185,Player,3
501258,186,Player,3
501258,187,Player,6
501258,198,Player,6
501258,199,Player,6
501258,201,Player,3
501258,248,Player,3
501258,292,Player,6
501258,293,Player,6
501258,296,Player,6
501259,2,Player,9
501259,4,Player,4
501259,35,Player,9
501259,61,Player,9
501259,67,Player,4
501259,77,Player,9
501259,81,Player,9
501259,88,Player,4
501259,100,Player,4
501259,104,Player,9
501259,167,Player,4
501259,188,Player,4
501259,204,Player,9
501259,228,Player,4
501259,234,Player,4
501259,236,Player,4
501259,259,Player,9
501259,294,Player,9
501259,302,Player,4
501260,9,Player,1
501260,15,Player,2
501260,31,Player,1
501260,33,Player,2
501260,66,Player,1
501260,79,Player,2
501260,87,Player,1
501260,89,Player,1
501260,110,Player,2
501260,139,Player,2
501260,140,Player,1
501260,151,Player,1
501260,162,Player,2
501260,216,Player,1
501260,242,Player,2
501260,244,Player,2
501260,270,Player,2
501260,346,Player,1
501261,42,Player,8
501261,50,Player,7
501261,56,Player,7
501261,57,Player,7
501261,65,Player,8
501261,80,Player,7
501261,84,Player,8
501261,93,Player,8
501261,126,Player,7
501261,131,Player,8
501261,136,Player,8
501261,154,Player,8
501261,178,Player,7
501261,194,Player,7
501261,221,Player,7
501261,224,Player,8
501261,258,Player,8
501261,289,Player,7
501261,446,Player,8
501262,4,Player,4
501262,14,Player,4
501262,29,Player,6
501262,54,Player,6
501262,67,Player,4
501262,88,Player,4
501262,100,Player,4
501262,167,Player,4
501262,187,Player,6
501262,188,Player,4
501262,190,Player,6
501262,199,Player,6
501262,234,Player,4
501262,236,Player,4
501262,249,Player,6
501262,285,Player,6
501262,296,Player,6
501262,302,Player,4
501262,439,Player,6
501263,2,Player,9
501263,6,Player,5
501263,22,Player,5
501263,32,Player,5
501263,35,Player,9
501263,61,Player,9
501263,77,Player,9
501263,85,Player,5
501263,104,Player,9
501263,204,Player,9
501263,229,Player,5
501263,238,Player,5
501263,266,Player,5
501263,294,Player,9
501263,297,Player,5
501263,298,Player,5
501263,300,Player,9
501263,447,Player,9
501264,1,Player,10
501264,42,Player,8
501264,65,Player,8
501264,84,Player,8
501264,93,Player,8
501264,94,Player,8
501264,96,Player,10
501264,112,Player,8
501264,131,Player,8
501264,136,Player,8
501264,154,Player,8
501264,157,Player,10
501264,171,Player,10
501264,235,Player,10
501264,253,Player,10
501264,258,Player,8
501264,267,Player,10
501264,295,Player,10
501264,299,Player,10
501265,4,Player,4
501265,14,Player,4
501265,33,Player,2
501265,48,Player,4
501265,67,Player,4
501265,79,Player,2
501265,88,Player,4
501265,100,Player,4
501265,110,Player,2
501265,162,Player,2
501265,167,Player,4
501265,188,Player,4
501265,234,Player,4
501265,236,Player,4
501265,242,Player,2
501265,244,Player,2
501265,261,Player,2
501265,268,Player,2
501265,270,Player,2
501266,2,Player,9
501266,19,Player,3
501266,21,Player,3
501266,23,Player,3
501266,35,Player,9
501266,61,Player,9
501266,62,Player,3
501266,71,Player,3
501266,77,Player,9
501266,81,Player,9
501266,104,Player,9
501266,109,Player,3
501266,121,Player,9
501266,185,Player,3
501266,186,Player,3
501266,201,Player,3
501266,204,Player,9
501266,237,Player,9
501266,248,Player,3
501266,300,Player,9
501267,1,Player,10
501267,9,Player,1
501267,31,Player,1
501267,66,Player,1
501267,87,Player,1
501267,89,Player,1
501267,96,Player,10
501267,140,Player,1
501267,151,Player,1
501267,157,Player,10
501267,235,Player,10
501267,267,Player,10
501267,274,Player,10
501267,276,Player,1
501267,284,Player,1
501267,295,Player,10
501267,299,Player,10
501267,301,Player,10
501268,6,Player,5
501268,32,Player,5
501268,39,Player,5
501268,50,Player,7
501268,52,Player,5
501268,56,Player,7
501268,57,Player,7
501268,80,Player,7
501268,85,Player,5
501268,126,Player,7
501268,178,Player,7
501268,192,Player,5
501268,194,Player,7
501268,196,Player,5
501268,221,Player,7
501268,266,Player,5
501268,275,Player,7
501268,297,Player,5
501269,14,Player,4
501269,42,Player,8
501269,48,Player,4
501269,67,Player,4
501269,88,Player,4
501269,93,Player,8
501269,94,Player,8
501269,100,Player,4
501269,112,Player,8
501269,131,Player,8
501269,136,Player,8
501269,154,Player,8
501269,167,Player,4
501269,188,Player,4
501269,210,Player,4
501269,236,Player,4
501269,258,Player,8
501269,302,Player,4
501269,446,Player,8
501271,8,Player,2
501271,15,Player,2
501271,19,Player,3
501271,21,Player,3
501271,23,Player,3
501271,33,Player,2
501271,62,Player,3
501271,71,Player,3
501271,79,Player,2
501271,109,Player,3
501271,139,Player,2
501271,162,Player,2
501271,185,Player,3
501271,186,Player,3
501271,201,Player,3
501271,244,Player,2
501271,248,Player,3
501271,260,Player,2
501271,270,Player,2
501272,9,Player,1
501272,31,Player,1
501272,50,Player,7
501272,57,Player,7
501272,66,Player,1
501272,87,Player,1
501272,89,Player,1
501272,140,Player,1
501272,151,Player,1
501272,178,Player,7
501272,194,Player,7
501272,209,Player,7
501272,221,Player,7
501272,246,Player,7
501272,275,Player,7
501272,276,Player,1
501272,284,Player,1
501272,449,Player,7
501273,8,Player,2
501273,15,Player,2
501273,19,Player,3
501273,21,Player,3
501273,23,Player,3
501273,33,Player,2
501273,62,Player,3
501273,71,Player,3
501273,79,Player,2
501273,109,Player,3
501273,139,Player,2
501273,162,Player,2
501273,185,Player,3
501273,186,Player,3
501273,201,Player,3
501273,244,Player,2
501273,248,Player,3
501273,260,Player,2
501273,270,Player,2
501274,9,Player,1
501274,31,Player,1
501274,50,Player,7
501274,57,Player,7
501274,66,Player,1
501274,80,Player,7
501274,87,Player,1
501274,89,Player,1
501274,126,Player,7
501274,140,Player,1
501274,151,Player,1
501274,178,Player,7
501274,194,Player,7
501274,221,Player,7
501274,275,Player,7
501274,276,Player,1
501274,284,Player,1
501274,289,Player,7
501275,8,Player,2
501275,15,Player,2
501275,50,Player,7
501275,57,Player,7
501275,79,Player,2
501275,126,Player,7
501275,139,Player,2
501275,162,Player,2
501275,194,Player,7
501275,209,Player,7
501275,221,Player,7
501275,244,Player,2
501275,246,Player,7
501275,260,Player,2
501275,270,Player,2
501275,275,Player,7
501275,283,Player,2
501275,289,Player,7
501276,8,Player,2
501276,15,Player,2
501276,19,Player,3
501276,21,Player,3
501276,23,Player,3
501276,62,Player,3
501276,71,Player,3
501276,79,Player,2
501276,109,Player,3
501276,139,Player,2
501276,162,Player,2
501276,185,Player,3
501276,186,Player,3
501276,201,Player,3
501276,244,Player,2
501276,248,Player,3
501276,260,Player,2
501276,270,Player,2
501276,283,Player,2
548311,21,Player,3
548311,23,Player,3
548311,35,Player,3
548311,57,Player,7
548311,71,Player,3
548311,109,Player,3
548311,131,Player,7
548311,133,Player,7
548311,185,Player,3
548311,186,Player,3
548311,194,Player,7
548311,201,Player,3
548311,208,Player,7
548311,221,Player,7
548311,246,Player,7
548311,248,Player,3
548311,275,Player,7
548311,303,Player,3
548311,304,Player,7
548312,9,Player,1
548312,29,Player,6
548312,31,Player,1
548312,54,Player,6
548312,63,Player,1
548312,66,Player,1
548312,87,Player,1
548312,89,Player,1
548312,95,Player,1
548312,140,Player,1
548312,177,Player,6
548312,190,Player,6
548312,199,Player,6
548312,232,Player,6
548312,254,Player,6
548312,293,Player,6
548312,305,Player,6
548312,389,Player,1
548313,57,Player,7
548313,83,Player,10
548313,96,Player,10
548313,106,Player,10
548313,126,Player,7
548313,131,Player,7
548313,194,Player,7
548313,208,Player,7
548313,221,Player,7
548313,235,Player,10
548313,267,Player,10
548313,275,Player,7
548313,295,Player,10
548313,299,Player,10
548313,304,Player,7
548313,306,Player,10
548313,307,Player,10
548313,308,Player,7
548314,4,Player,4
548314,14,Player,4
548314,39,Player,5
548314,48,Player,4
548314,67,Player,4
548314,85,Player,5
548314,100,Player,4
548314,104,Player,5
548314,167,Player,4
548314,192,Player,5
548314,196,Player,5
548314,204,Player,5
548314,228,Player,4
548314,236,Player,4
548314,256,Player,4
548314,266,Player,5
548314,297,Player,5
548314,309,Player,5
548314,310,Player,4
548315,8,Player,2
548315,15,Player,2
548315,29,Player,6
548315,54,Player,6
548315,79,Player,2
548315,81,Player,2
548315,121,Player,2
548315,190,Player,6
548315,198,Player,2
548315,199,Player,6
548315,203,Player,2
548315,232,Player,6
548315,254,Player,6
548315,260,Player,2
548315,293,Player,6
548315,305,Player,6
548315,311,Player,2
548315,312,Player,6
548316,21,Player,3
548316,23,Player,3
548316,35,Player,3
548316,42,Player,8
548316,71,Player,3
548316,93,Player,8
548316,94,Player,8
548316,109,Player,3
548316,112,Player,8
548316,120,Player,8
548316,185,Player,3
548316,186,Player,3
548316,201,Player,3
548316,248,Player,3
548316,258,Player,8
548316,303,Player,3
548316,313,Player,8
548316,314,Player,8
548316,450,Player,8
548317,9,Player,1
548317,31,Player,1
548317,39,Player,5
548317,63,Player,1
548317,66,Player,1
548317,85,Player,5
548317,87,Player,1
548317,89,Player,1
548317,95,Player,1
548317,104,Player,5
548317,140,Player,1
548317,192,Player,5
548317,196,Player,5
548317,204,Player,5
548317,266,Player,5
548317,297,Player,5
548317,309,Player,5
548317,315,Player,1
548318,4,Player,4
548318,14,Player,4
548318,48,Player,4
548318,67,Player,4
548318,73,Player,10
548318,83,Player,10
548318,96,Player,10
548318,106,Player,10
548318,137,Player,4
548318,157,Player,10
548318,167,Player,4
548318,228,Player,4
548318,235,Player,10
548318,236,Player,4
548318,256,Player,4
548318,295,Player,10
548318,306,Player,10
548318,307,Player,10
548318,310,Player,4
548319,10,Player,8
548319,42,Player,8
548319,57,Player,7
548319,93,Player,8
548319,94,Player,8
548319,112,Player,8
548319,126,Player,7
548319,131,Player,7
548319,136,Player,8
548319,178,Player,7
548319,194,Player,7
548319,208,Player,7
548319,221,Player,7
548319,258,Player,8
548319,275,Player,7
548319,304,Player,7
548319,314,Player,8
548319,446,Player,8
548320,8,Player,2
548320,9,Player,1
548320,15,Player,2
548320,31,Player,1
548320,63,Player,1
548320,66,Player,1
548320,79,Player,2
548320,81,Player,2
548320,87,Player,1
548320,89,Player,1
548320,121,Player,2
548320,151,Player,1
548320,162,Player,2
548320,203,Player,2
548320,260,Player,2
548320,276,Player,1
548320,284,Player,1
548320,311,Player,2
548321,21,Player,3
548321,23,Player,3
548321,29,Player,6
548321,35,Player,3
548321,54,Player,6
548321,64,Player,6
548321,71,Player,3
548321,109,Player,3
548321,158,Player,6
548321,177,Player,6
548321,185,Player,3
548321,186,Player,3
548321,190,Player,6
548321,199,Player,6
548321,201,Player,3
548321,232,Player,6
548321,248,Player,3
548321,293,Player,6
548321,303,Player,3
548322,39,Player,5
548322,57,Player,7
548322,85,Player,5
548322,126,Player,7
548322,131,Player,7
548322,178,Player,7
548322,192,Player,5
548322,194,Player,7
548322,196,Player,5
548322,204,Player,5
548322,208,Player,7
548322,221,Player,7
548322,266,Player,5
548322,275,Player,7
548322,297,Player,5
548322,304,Player,7
548322,309,Player,5
548322,316,Player,5
548323,8,Player,2
548323,15,Player,2
548323,21,Player,3
548323,23,Player,3
548323,35,Player,3
548323,71,Player,3
548323,79,Player,2
548323,81,Player,2
548323,109,Player,3
548323,121,Player,2
548323,162,Player,2
548323,185,Player,3
548323,186,Player,3
548323,201,Player,3
548323,203,Player,2
548323,248,Player,3
548323,260,Player,2
548323,303,Player,3
548323,317,Player,2
548324,4,Player,4
548324,14,Player,4
548324,67,Player,4
548324,73,Player,10
548324,96,Player,10
548324,100,Player,4
548324,106,Player,10
548324,137,Player,4
548324,157,Player,10
548324,167,Player,4
548324,171,Player,10
548324,191,Player,10
548324,228,Player,4
548324,235,Player,10
548324,236,Player,4
548324,256,Player,4
548324,306,Player,10
548324,307,Player,10
548324,333,Player,4
548325,9,Player,1
548325,31,Player,1
548325,39,Player,5
548325,85,Player,5
548325,87,Player,1
548325,89,Player,1
548325,95,Player,1
548325,104,Player,5
548325,151,Player,1
548325,192,Player,5
548325,196,Player,5
548325,204,Player,5
548325,266,Player,5
548325,276,Player,1
548325,284,Player,1
548325,297,Player,5
548325,315,Player,1
548325,316,Player,5
548326,29,Player,6
548326,42,Player,8
548326,52,Player,6
548326,64,Player,6
548326,82,Player,6
548326,93,Player,8
548326,94,Player,8
548326,136,Player,8
548326,154,Player,8
548326,158,Player,6
548326,190,Player,6
548326,199,Player,6
548326,211,Player,8
548326,232,Player,6
548326,258,Player,8
548326,293,Player,6
548326,314,Player,8
548326,326,Player,8
548327,21,Player,3
548327,23,Player,3
548327,35,Player,3
548327,71,Player,3
548327,73,Player,10
548327,83,Player,10
548327,91,Player,3
548327,106,Player,10
548327,109,Player,3
548327,157,Player,10
548327,171,Player,10
548327,185,Player,3
548327,191,Player,10
548327,201,Player,3
548327,235,Player,10
548327,303,Player,3
548327,306,Player,10
548327,307,Player,10
548327,324,Player,3
548328,4,Player,4
548328,9,Player,1
548328,14,Player,4
548328,31,Player,1
548328,67,Player,4
548328,87,Player,1
548328,89,Player,1
548328,95,Player,1
548328,100,Player,4
548328,137,Player,4
548328,212,Player,4
548328,228,Player,4
548328,236,Player,4
548328,256,Player,4
548328,276,Player,1
548328,284,Player,1
548328,302,Player,4
548328,315,Player,1
548328,346,Player,1
548329,8,Player,2
548329,15,Player,2
548329,33,Player,2
548329,39,Player,5
548329,75,Player,5
548329,79,Player,2
548329,81,Player,2
548329,85,Player,5
548329,104,Player,5
548329,121,Player,2
548329,162,Player,2
548329,192,Player,5
548329,196,Player,5
548329,204,Player,5
548329,260,Player,2
548329,266,Player,5
548329,270,Player,2
548329,316,Player,5
548330,29,Player,6
548330,52,Player,6
548330,57,Player,7
548330,61,Player,7
548330,64,Player,6
548330,82,Player,6
548330,126,Player,7
548330,131,Player,7
548330,158,Player,6
548330,190,Player,6
548330,199,Player,6
548330,208,Player,7
548330,221,Player,7
548330,232,Player,6
548330,263,Player,7
548330,293,Player,6
548330,304,Player,7
548330,318,Player,7
548331,39,Player,5
548331,42,Player,8
548331,75,Player,5
548331,85,Player,5
548331,93,Player,8
548331,94,Player,8
548331,104,Player,5
548331,136,Player,8
548331,154,Player,8
548331,192,Player,5
548331,196,Player,5
548331,204,Player,5
548331,211,Player,8
548331,258,Player,8
548331,266,Player,5
548331,314,Player,8
548331,316,Player,5
548331,446,Player,8
548331,469,Player,8
548332,8,Player,2
548332,15,Player,2
548332,73,Player,10
548332,79,Player,2
548332,81,Player,2
548332,106,Player,10
548332,135,Player,2
548332,157,Player,10
548332,162,Player,2
548332,171,Player,10
548332,181,Player,2
548332,191,Player,10
548332,235,Player,10
548332,260,Player,2
548332,299,Player,10
548332,306,Player,10
548332,307,Player,10
548332,311,Player,2
548333,2,Player,1
548333,4,Player,4
548333,9,Player,1
548333,14,Player,4
548333,31,Player,1
548333,66,Player,1
548333,67,Player,4
548333,87,Player,1
548333,89,Player,1
548333,95,Player,1
548333,100,Player,4
548333,137,Player,4
548333,151,Player,1
548333,167,Player,4
548333,212,Player,4
548333,236,Player,4
548333,256,Player,4
548333,302,Player,4
548333,315,Player,1
548334,10,Player,8
548334,29,Player,6
548334,42,Player,8
548334,54,Player,6
548334,64,Player,6
548334,120,Player,8
548334,136,Player,8
548334,154,Player,8
548334,187,Player,6
548334,190,Player,6
548334,199,Player,6
548334,293,Player,6
548334,296,Player,6
548334,313,Player,8
548334,314,Player,8
548334,325,Player,8
548334,334,Player,6
548334,450,Player,8
548335,21,Player,3
548335,23,Player,3
548335,35,Player,3
548335,62,Player,3
548335,71,Player,3
548335,73,Player,10
548335,83,Player,10
548335,96,Player,10
548335,157,Player,10
548335,186,Player,3
548335,191,Player,10
548335,201,Player,3
548335,235,Player,10
548335,248,Player,3
548335,299,Player,10
548335,303,Player,3
548335,306,Player,10
548335,307,Player,10
548335,324,Player,3
548336,8,Player,2
548336,14,Player,4
548336,15,Player,2
548336,67,Player,4
548336,79,Player,2
548336,81,Player,2
548336,100,Player,4
548336,110,Player,2
548336,162,Player,2
548336,167,Player,4
548336,198,Player,2
548336,236,Player,4
548336,256,Player,4
548336,260,Player,2
548336,311,Player,2
548336,320,Player,4
548336,321,Player,4
548336,333,Player,4
548337,21,Player,3
548337,23,Player,3
548337,35,Player,3
548337,39,Player,5
548337,62,Player,3
548337,71,Player,3
548337,85,Player,5
548337,104,Player,5
548337,186,Player,3
548337,196,Player,5
548337,201,Player,3
548337,204,Player,5
548337,248,Player,3
548337,255,Player,5
548337,266,Player,5
548337,303,Player,3
548337,309,Player,5
548337,316,Player,5
548337,324,Player,3
548338,29,Player,6
548338,52,Player,6
548338,64,Player,6
548338,73,Player,10
548338,83,Player,10
548338,96,Player,10
548338,157,Player,10
548338,158,Player,6
548338,171,Player,10
548338,190,Player,6
548338,191,Player,10
548338,199,Player,6
548338,232,Player,6
548338,235,Player,10
548338,274,Player,10
548338,293,Player,6
548338,306,Player,10
548338,322,Player,6
548339,14,Player,4
548339,57,Player,7
548339,61,Player,7
548339,67,Player,4
548339,100,Player,4
548339,126,Player,7
548339,131,Player,7
548339,133,Player,7
548339,148,Player,4
548339,208,Player,7
548339,221,Player,7
548339,236,Player,4
548339,275,Player,7
548339,280,Player,7
548339,302,Player,4
548339,320,Player,4
548339,321,Player,4
548339,333,Player,4
548340,2,Player,1
548340,9,Player,1
548340,10,Player,8
548340,31,Player,1
548340,42,Player,8
548340,66,Player,1
548340,87,Player,1
548340,89,Player,1
548340,94,Player,8
548340,95,Player,1
548340,136,Player,8
548340,151,Player,1
548340,154,Player,8
548340,257,Player,8
548340,314,Player,8
548340,315,Player,1
548340,326,Player,8
548340,446,Player,8
548341,8,Player,2
548341,15,Player,2
548341,39,Player,5
548341,75,Player,5
548341,79,Player,2
548341,81,Player,2
548341,85,Player,5
548341,104,Player,5
548341,135,Player,2
548341,162,Player,2
548341,181,Player,2
548341,204,Player,5
548341,255,Player,5
548341,260,Player,2
548341,309,Player,5
548341,311,Player,2
548341,316,Player,5
548341,335,Player,5
548342,29,Player,6
548342,52,Player,6
548342,64,Player,6
548342,73,Player,10
548342,83,Player,10
548342,96,Player,10
548342,157,Player,10
548342,158,Player,6
548342,171,Player,10
548342,190,Player,6
548342,199,Player,6
548342,232,Player,6
548342,235,Player,10
548342,274,Player,10
548342,293,Player,6
548342,306,Player,10
548342,322,Player,6
548342,358,Player,10
548344,14,Player,4
548344,57,Player,7
548344,61,Player,7
548344,67,Player,4
548344,100,Player,4
548344,126,Player,7
548344,133,Player,7
548344,148,Player,4
548344,208,Player,7
548344,221,Player,7
548344,236,Player,4
548344,275,Player,7
548344,302,Player,4
548344,318,Player,7
548344,320,Player,4
548344,321,Player,4
548344,323,Player,7
548344,333,Player,4
548346,10,Player,8
548346,42,Player,8
548346,73,Player,10
548346,96,Player,10
548346,120,Player,8
548346,136,Player,8
548346,154,Player,8
548346,157,Player,10
548346,171,Player,10
548346,233,Player,8
548346,235,Player,10
548346,257,Player,8
548346,274,Player,10
548346,299,Player,10
548346,306,Player,10
548346,307,Player,10
548346,314,Player,8
548346,325,Player,8
548347,29,Player,6
548347,52,Player,6
548347,57,Player,7
548347,61,Player,7
548347,64,Player,6
548347,82,Player,6
548347,133,Player,7
548347,158,Player,6
548347,190,Player,6
548347,194,Player,7
548347,199,Player,6
548347,208,Player,7
548347,221,Player,7
548347,232,Player,6
548347,289,Player,7
548347,293,Player,6
548347,323,Player,7
548347,342,Player,7
548348,14,Player,4
548348,21,Player,3
548348,23,Player,3
548348,35,Player,3
548348,62,Player,3
548348,67,Player,4
548348,71,Player,3
548348,100,Player,4
548348,109,Player,3
548348,186,Player,3
548348,201,Player,3
548348,228,Player,4
548348,236,Player,4
548348,302,Player,4
548348,303,Player,3
548348,320,Player,4
548348,321,Player,4
548348,324,Player,3
548348,333,Player,4
548349,8,Player,2
548349,9,Player,1
548349,15,Player,2
548349,31,Player,1
548349,63,Player,1
548349,66,Player,1
548349,79,Player,2
548349,81,Player,2
548349,87,Player,1
548349,89,Player,1
548349,95,Player,1
548349,135,Player,2
548349,140,Player,1
548349,162,Player,2
548349,181,Player,2
548349,260,Player,2
548349,311,Player,2
548349,315,Player,1
548350,29,Player,6
548350,52,Player,6
548350,64,Player,6
548350,75,Player,5
548350,82,Player,6
548350,85,Player,5
548350,104,Player,5
548350,158,Player,6
548350,190,Player,6
548350,196,Player,5
548350,199,Player,6
548350,204,Player,5
548350,232,Player,6
548350,266,Player,5
548350,293,Player,6
548350,297,Player,5
548350,309,Player,5
548350,316,Player,5
548351,42,Player,8
548351,57,Player,7
548351,61,Player,7
548351,93,Player,8
548351,94,Player,8
548351,126,Player,7
548351,133,Player,7
548351,136,Player,8
548351,154,Player,8
548351,194,Player,7
548351,208,Player,7
548351,257,Player,8
548351,258,Player,8
548351,275,Player,7
548351,304,Player,7
548351,323,Player,7
548351,325,Player,8
548351,326,Player,8
548352,9,Player,1
548352,19,Player,3
548352,21,Player,3
548352,23,Player,3
548352,31,Player,1
548352,35,Player,3
548352,63,Player,1
548352,66,Player,1
548352,71,Player,3
548352,87,Player,1
548352,89,Player,1
548352,91,Player,3
548352,95,Player,1
548352,109,Player,3
548352,140,Player,1
548352,186,Player,3
548352,201,Player,3
548352,303,Player,3
548352,315,Player,1
548353,10,Player,8
548353,42,Player,8
548353,73,Player,10
548353,83,Player,10
548353,94,Player,8
548353,96,Player,10
548353,136,Player,8
548353,154,Player,8
548353,171,Player,10
548353,267,Player,10
548353,299,Player,10
548353,306,Player,10
548353,307,Player,10
548353,314,Player,8
548353,325,Player,8
548353,326,Player,8
548353,327,Player,8
548353,328,Player,10
548354,29,Player,6
548354,32,Player,5
548354,52,Player,6
548354,64,Player,6
548354,75,Player,5
548354,85,Player,5
548354,104,Player,5
548354,158,Player,6
548354,190,Player,6
548354,196,Player,5
548354,199,Player,6
548354,204,Player,5
548354,232,Player,6
548354,266,Player,5
548354,293,Player,6
548354,297,Player,5
548354,316,Player,5
548354,322,Player,6
548355,8,Player,2
548355,14,Player,4
548355,15,Player,2
548355,48,Player,4
548355,67,Player,4
548355,79,Player,2
548355,81,Player,2
548355,100,Player,4
548355,162,Player,2
548355,181,Player,2
548355,188,Player,4
548355,198,Player,2
548355,212,Player,4
548355,236,Player,4
548355,260,Player,2
548355,261,Player,2
548355,321,Player,4
548355,333,Player,4
548356,57,Player,7
548356,73,Player,10
548356,83,Player,10
548356,106,Player,10
548356,126,Player,7
548356,131,Player,7
548356,133,Player,7
548356,157,Player,10
548356,171,Player,10
548356,194,Player,7
548356,208,Player,7
548356,267,Player,10
548356,275,Player,7
548356,280,Player,7
548356,299,Player,10
548356,306,Player,10
548356,323,Player,7
548356,328,Player,10
548357,10,Player,8
548357,21,Player,3
548357,23,Player,3
548357,35,Player,3
548357,42,Player,8
548357,71,Player,3
548357,94,Player,8
548357,109,Player,3
548357,136,Player,8
548357,185,Player,3
548357,186,Player,3
548357,201,Player,3
548357,211,Player,8
548357,258,Player,8
548357,303,Player,3
548357,314,Player,8
548357,325,Player,8
548357,326,Player,8
548357,451,Player,3
548358,9,Player,1
548358,31,Player,1
548358,63,Player,1
548358,83,Player,10
548358,87,Player,1
548358,89,Player,1
548358,95,Player,1
548358,96,Player,10
548358,106,Player,10
548358,140,Player,1
548358,171,Player,10
548358,191,Player,10
548358,267,Player,10
548358,299,Player,10
548358,306,Player,10
548358,315,Player,1
548358,328,Player,10
548358,389,Player,1
548359,14,Player,4
548359,32,Player,5
548359,39,Player,5
548359,48,Player,4
548359,67,Player,4
548359,85,Player,5
548359,100,Player,4
548359,104,Player,5
548359,188,Player,4
548359,192,Player,5
548359,236,Player,4
548359,238,Player,5
548359,255,Player,5
548359,266,Player,5
548359,297,Player,5
548359,321,Player,4
548359,329,Player,4
548359,333,Player,4
548360,21,Player,3
548360,23,Player,3
548360,35,Player,3
548360,57,Player,7
548360,61,Player,7
548360,71,Player,3
548360,109,Player,3
548360,126,Player,7
548360,133,Player,7
548360,147,Player,7
548360,185,Player,3
548360,186,Player,3
548360,194,Player,7
548360,201,Player,3
548360,208,Player,7
548360,275,Player,7
548360,303,Player,3
548360,323,Player,7
548360,451,Player,3
548361,10,Player,8
548361,15,Player,2
548361,42,Player,8
548361,94,Player,8
548361,121,Player,2
548361,135,Player,2
548361,136,Player,8
548361,162,Player,2
548361,244,Player,2
548361,260,Player,2
548361,261,Player,2
548361,283,Player,2
548361,294,Player,2
548361,313,Player,8
548361,325,Player,8
548361,326,Player,8
548361,331,Player,8
548361,446,Player,8
548362,9,Player,1
548362,29,Player,6
548362,31,Player,1
548362,52,Player,6
548362,63,Player,1
548362,64,Player,6
548362,66,Player,1
548362,87,Player,1
548362,89,Player,1
548362,95,Player,1
548362,116,Player,1
548362,187,Player,6
548362,190,Player,6
548362,199,Player,6
548362,232,Player,6
548362,293,Player,6
548362,296,Player,6
548362,315,Player,1
548363,32,Player,5
548363,39,Player,5
548363,73,Player,10
548363,83,Player,10
548363,85,Player,5
548363,171,Player,10
548363,191,Player,10
548363,192,Player,5
548363,204,Player,5
548363,238,Player,5
548363,255,Player,5
548363,266,Player,5
548363,267,Player,10
548363,297,Player,5
548363,299,Player,10
548363,306,Player,10
548363,328,Player,10
548363,330,Player,10
548364,10,Player,8
548364,14,Player,4
548364,42,Player,8
548364,67,Player,4
548364,100,Player,4
548364,136,Player,8
548364,148,Player,4
548364,153,Player,4
548364,211,Player,8
548364,233,Player,8
548364,236,Player,4
548364,313,Player,8
548364,320,Player,4
548364,321,Player,4
548364,325,Player,8
548364,326,Player,8
548364,331,Player,8
548364,333,Player,4
548365,15,Player,2
548365,57,Player,7
548365,61,Player,7
548365,79,Player,2
548365,81,Player,2
548365,121,Player,2
548365,131,Player,7
548365,133,Player,7
548365,135,Player,2
548365,147,Player,7
548365,162,Player,2
548365,194,Player,7
548365,208,Player,7
548365,221,Player,7
548365,260,Player,2
548365,275,Player,7
548365,283,Player,2
548365,311,Player,2
548366,19,Player,3
548366,21,Player,3
548366,32,Player,5
548366,35,Player,3
548366,39,Player,5
548366,71,Player,3
548366,75,Player,5
548366,85,Player,5
548366,91,Player,3
548366,104,Player,5
548366,109,Player,3
548366,125,Player,3
548366,185,Player,3
548366,192,Player,5
548366,201,Player,3
548366,238,Player,5
548366,255,Player,5
548366,266,Player,5
548366,451,Player,3
548367,15,Player,2
548367,79,Player,2
548367,81,Player,2
548367,96,Player,10
548367,121,Player,2
548367,135,Player,2
548367,162,Player,2
548367,181,Player,2
548367,191,Player,10
548367,231,Player,10
548367,235,Player,10
548367,260,Player,2
548367,274,Player,10
548367,299,Player,10
548367,311,Player,2
548367,328,Player,10
548367,330,Player,10
548367,332,Player,10
548368,9,Player,1
548368,31,Player,1
548368,57,Player,7
548368,63,Player,1
548368,66,Player,1
548368,87,Player,1
548368,89,Player,1
548368,95,Player,1
548368,97,Player,7
548368,126,Player,7
548368,131,Player,7
548368,133,Player,7
548368,147,Player,7
548368,194,Player,7
548368,208,Player,7
548368,221,Player,7
548368,276,Player,1
548368,315,Player,1
548369,19,Player,3
548369,21,Player,3
548369,29,Player,6
548369,35,Player,3
548369,54,Player,6
548369,64,Player,6
548369,71,Player,3
548369,109,Player,3
548369,125,Player,3
548369,177,Player,6
548369,185,Player,3
548369,186,Player,3
548369,187,Player,6
548369,190,Player,6
548369,199,Player,6
548369,201,Player,3
548369,232,Player,6
548369,296,Player,6
548369,451,Player,3
548370,32,Player,5
548370,39,Player,5
548370,73,Player,10
548370,83,Player,10
548370,85,Player,5
548370,104,Player,5
548370,157,Player,10
548370,191,Player,10
548370,192,Player,5
548370,235,Player,10
548370,238,Player,5
548370,255,Player,5
548370,266,Player,5
548370,295,Player,10
548370,299,Player,10
548370,306,Player,10
548370,330,Player,10
548370,335,Player,5
548371,10,Player,8
548371,14,Player,4
548371,42,Player,8
548371,67,Player,4
548371,94,Player,8
548371,100,Player,4
548371,120,Player,8
548371,136,Player,8
548371,148,Player,4
548371,188,Player,4
548371,211,Player,8
548371,236,Player,4
548371,258,Player,8
548371,321,Player,4
548371,329,Player,4
548371,331,Player,8
548371,333,Player,4
548371,450,Player,8
548372,15,Player,2
548372,57,Player,7
548372,61,Player,7
548372,79,Player,2
548372,81,Player,2
548372,97,Player,7
548372,121,Player,2
548372,126,Player,7
548372,133,Player,7
548372,135,Player,2
548372,147,Player,7
548372,162,Player,2
548372,181,Player,2
548372,194,Player,7
548372,208,Player,7
548372,221,Player,7
548372,260,Player,2
548372,311,Player,2
548373,9,Player,1
548373,19,Player,3
548373,21,Player,3
548373,31,Player,1
548373,35,Player,3
548373,63,Player,1
548373,71,Player,3
548373,87,Player,1
548373,89,Player,1
548373,95,Player,1
548373,125,Player,3
548373,151,Player,1
548373,185,Player,3
548373,186,Player,3
548373,201,Player,3
548373,303,Player,3
548373,315,Player,1
548373,389,Player,1
548373,451,Player,3
548374,14,Player,4
548374,29,Player,6
548374,52,Player,6
548374,54,Player,6
548374,64,Player,6
548374,67,Player,4
548374,100,Player,4
548374,187,Player,6
548374,190,Player,6
548374,232,Player,6
548374,236,Player,4
548374,256,Player,4
548374,296,Player,6
548374,320,Player,4
548374,321,Player,4
548374,322,Player,6
548374,329,Player,4
548374,333,Player,4
548375,9,Player,1
548375,31,Player,1
548375,57,Player,7
548375,61,Player,7
548375,87,Player,1
548375,89,Player,1
548375,95,Player,1
548375,97,Player,7
548375,126,Player,7
548375,133,Player,7
548375,140,Player,1
548375,147,Player,7
548375,151,Player,1
548375,194,Player,7
548375,208,Player,7
548375,221,Player,7
548375,276,Player,1
548375,315,Player,1
548376,4,Player,4
548376,14,Player,4
548376,19,Player,3
548376,21,Player,3
548376,35,Player,3
548376,67,Player,4
548376,71,Player,3
548376,91,Player,3
548376,109,Player,3
548376,125,Player,3
548376,148,Player,4
548376,185,Player,3
548376,188,Player,4
548376,201,Player,3
548376,236,Player,4
548376,319,Player,4
548376,321,Player,4
548376,329,Player,4
548376,333,Player,4
548376,451,Player,3
548377,15,Player,2
548377,29,Player,6
548377,52,Player,6
548377,54,Player,6
548377,79,Player,2
548377,81,Player,2
548377,121,Player,2
548377,135,Player,2
548377,162,Player,2
548377,187,Player,6
548377,232,Player,6
548377,260,Player,2
548377,262,Player,6
548377,294,Player,2
548377,296,Player,6
548377,311,Player,2
548377,322,Player,6
548377,334,Player,6
548378,32,Player,5
548378,39,Player,5
548378,42,Player,8
548378,85,Player,5
548378,94,Player,8
548378,120,Player,8
548378,136,Player,8
548378,154,Player,8
548378,192,Player,5
548378,204,Player,5
548378,238,Player,5
548378,255,Player,5
548378,266,Player,5
548378,325,Player,8
548378,326,Player,8
548378,331,Player,8
548378,335,Player,5
548378,336,Player,8
548379,4,Player,4
548379,14,Player,4
548379,29,Player,6
548379,54,Player,6
548379,67,Player,4
548379,148,Player,4
548379,167,Player,4
548379,187,Player,6
548379,188,Player,4
548379,190,Player,6
548379,232,Player,6
548379,236,Player,4
548379,262,Player,6
548379,296,Player,6
548379,321,Player,4
548379,322,Player,6
548379,329,Player,4
548379,333,Player,4
548379,334,Player,6
548380,9,Player,1
548380,31,Player,1
548380,73,Player,10
548380,87,Player,1
548380,89,Player,1
548380,95,Player,1
548380,140,Player,1
548380,151,Player,1
548380,157,Player,10
548380,267,Player,10
548380,276,Player,1
548380,286,Player,10
548380,287,Player,10
548380,295,Player,10
548380,299,Player,10
548380,315,Player,1
548380,328,Player,10
548380,330,Player,10
548381,10,Player,8
548381,15,Player,2
548381,42,Player,8
548381,79,Player,2
548381,81,Player,2
548381,94,Player,8
548381,120,Player,8
548381,121,Player,2
548381,135,Player,2
548381,136,Player,8
548381,154,Player,8
548381,162,Player,2
548381,260,Player,2
548381,294,Player,2
548381,311,Player,2
548381,325,Player,8
548381,326,Player,8
548381,331,Player,8
548382,32,Player,5
548382,39,Player,5
548382,57,Player,7
548382,61,Player,7
548382,80,Player,7
548382,85,Player,5
548382,133,Player,7
548382,147,Player,7
548382,194,Player,7
548382,204,Player,5
548382,208,Player,7
548382,221,Player,7
548382,238,Player,5
548382,255,Player,5
548382,266,Player,5
548382,275,Player,7
548382,316,Player,5
548382,335,Player,5
548383,9,Player,1
548383,29,Player,6
548383,31,Player,1
548383,52,Player,6
548383,54,Player,6
548383,63,Player,1
548383,64,Player,6
548383,89,Player,1
548383,95,Player,1
548383,140,Player,1
548383,151,Player,1
548383,187,Player,6
548383,190,Player,6
548383,232,Player,6
548383,276,Player,1
548383,296,Player,6
548383,315,Player,1
548383,322,Player,6
548384,19,Player,3
548384,21,Player,3
548384,23,Player,3
548384,35,Player,3
548384,57,Player,7
548384,61,Player,7
548384,71,Player,3
548384,80,Player,7
548384,109,Player,3
548384,133,Player,7
548384,147,Player,7
548384,185,Player,3
548384,186,Player,3
548384,194,Player,7
548384,201,Player,3
548384,208,Player,7
548384,221,Player,7
548384,275,Player,7
548384,451,Player,3
548385,19,Player,3
548385,21,Player,3
548385,23,Player,3
548385,35,Player,3
548385,52,Player,6
548385,54,Player,6
548385,64,Player,6
548385,71,Player,3
548385,109,Player,3
548385,185,Player,3
548385,186,Player,3
548385,187,Player,6
548385,201,Player,3
548385,232,Player,6
548385,296,Player,6
548385,322,Player,6
548385,334,Player,6
548385,337,Player,6
548385,451,Player,3
548386,9,Player,1
548386,19,Player,3
548386,21,Player,3
548386,23,Player,3
548386,31,Player,1
548386,35,Player,3
548386,63,Player,1
548386,66,Player,1
548386,71,Player,3
548386,87,Player,1
548386,89,Player,1
548386,109,Player,3
548386,140,Player,1
548386,185,Player,3
548386,186,Player,3
548386,201,Player,3
548386,276,Player,1
548386,315,Player,1
548386,451,Player,3
598003,9,Player,1
598003,29,Player,6
598003,31,Player,1
598003,63,Player,1
598003,66,Player,1
598003,73,Player,6
598003,87,Player,1
598003,89,Player,1
598003,151,Player,1
598003,187,Player,6
598003,192,Player,6
598003,216,Player,1
598003,232,Player,6
598003,262,Player,6
598003,293,Player,6
598003,315,Player,1
598003,334,Player,6
598003,338,Player,6
598004,22,Player,7
598004,50,Player,7
598004,57,Player,7
598004,81,Player,2
598004,83,Player,2
598004,121,Player,2
598004,126,Player,7
598004,133,Player,7
598004,135,Player,2
598004,162,Player,2
598004,208,Player,7
598004,221,Player,7
598004,258,Player,2
598004,260,Player,2
598004,339,Player,2
598004,346,Player,2
598004,357,Player,7
598004,375,Player,7
598005,10,Player,11
598005,27,Player,10
598005,48,Player,10
598005,52,Player,10
598005,84,Player,11
598005,94,Player,11
598005,96,Player,10
598005,106,Player,10
598005,112,Player,11
598005,136,Player,11
598005,235,Player,10
598005,253,Player,10
598005,280,Player,11
598005,299,Player,10
598005,307,Player,10
598005,325,Player,11
598005,331,Player,11
598005,340,Player,11
598006,29,Player,6
598006,39,Player,5
598006,73,Player,6
598006,77,Player,5
598006,85,Player,5
598006,104,Player,5
598006,187,Player,6
598006,192,Player,6
598006,232,Player,6
598006,255,Player,5
598006,262,Player,6
598006,266,Player,5
598006,293,Player,6
598006,309,Player,5
598006,334,Player,6
598006,338,Player,6
598006,342,Player,5
598006,452,Player,5
598007,19,Player,3
598007,21,Player,3
598007,23,Player,3
598007,35,Player,3
598007,50,Player,7
598007,57,Player,7
598007,71,Player,3
598007,126,Player,7
598007,131,Player,7
598007,133,Player,7
598007,147,Player,7
598007,185,Player,3
598007,201,Player,3
598007,208,Player,7
598007,221,Player,7
598007,223,Player,3
598007,343,Player,3
598007,344,Player,3
598007,357,Player,7
598008,4,Player,4
598008,14,Player,4
598008,48,Player,10
598008,52,Player,10
598008,67,Player,4
598008,96,Player,10
598008,106,Player,10
598008,178,Player,10
598008,188,Player,4
598008,209,Player,4
598008,235,Player,10
598008,236,Player,4
598008,253,Player,10
598008,299,Player,10
598008,307,Player,10
598008,321,Player,4
598008,329,Player,4
598008,333,Player,4
598008,345,Player,4
598010,9,Player,1
598010,31,Player,1
598010,32,Player,5
598010,39,Player,5
598010,63,Player,1
598010,66,Player,1
598010,77,Player,5
598010,85,Player,5
598010,87,Player,1
598010,89,Player,1
598010,104,Player,5
598010,216,Player,1
598010,238,Player,5
598010,255,Player,5
598010,309,Player,5
598010,315,Player,1
598010,342,Player,5
598010,347,Player,1
598011,29,Player,6
598011,50,Player,7
598011,57,Player,7
598011,73,Player,6
598011,131,Player,7
598011,133,Player,7
598011,187,Player,6
598011,190,Player,6
598011,194,Player,7
598011,208,Player,7
598011,221,Player,7
598011,232,Player,6
598011,262,Player,6
598011,293,Player,6
598011,338,Player,6
598011,348,Player,6
598011,356,Player,7
598011,357,Player,7
598012,4,Player,4
598012,14,Player,4
598012,19,Player,3
598012,21,Player,3
598012,23,Player,3
598012,35,Player,3
598012,67,Player,4
598012,71,Player,3
598012,185,Player,3
598012,188,Player,4
598012,201,Player,3
598012,209,Player,4
598012,223,Player,3
598012,236,Player,4
598012,321,Player,4
598012,329,Player,4
598012,333,Player,4
598012,344,Player,3
598012,345,Player,4
598012,350,Player,3
598013,9,Player,1
598013,31,Player,1
598013,61,Player,2
598013,81,Player,2
598013,87,Player,1
598013,89,Player,1
598013,110,Player,2
598013,116,Player,1
598013,121,Player,2
598013,151,Player,1
598013,162,Player,2
598013,163,Player,2
598013,210,Player,1
598013,216,Player,1
598013,260,Player,2
598013,315,Player,1
598013,346,Player,2
598013,354,Player,2
598014,27,Player,10
598014,39,Player,5
598014,48,Player,10
598014,52,Player,10
598014,77,Player,5
598014,85,Player,5
598014,104,Player,5
598014,106,Player,10
598014,178,Player,10
598014,235,Player,10
598014,253,Player,10
598014,254,Player,10
598014,255,Player,5
598014,256,Player,5
598014,277,Player,5
598014,299,Player,10
598014,309,Player,5
598014,310,Player,5
598015,10,Player,11
598015,29,Player,6
598015,41,Player,6
598015,84,Player,11
598015,94,Player,11
598015,136,Player,11
598015,187,Player,6
598015,190,Player,6
598015,192,Player,6
598015,232,Player,6
598015,280,Player,11
598015,293,Player,6
598015,325,Player,11
598015,331,Player,11
598015,338,Player,6
598015,340,Player,11
598015,368,Player,6
598015,446,Player,11
598016,27,Player,10
598016,48,Player,10
598016,50,Player,7
598016,52,Player,10
598016,57,Player,7
598016,106,Player,10
598016,131,Player,7
598016,133,Player,7
598016,178,Player,10
598016,194,Player,7
598016,208,Player,7
598016,221,Player,7
598016,235,Player,10
598016,253,Player,10
598016,254,Player,10
598016,299,Player,10
598016,356,Player,7
598016,357,Player,7
598017,19,Player,3
598017,21,Player,3
598017,23,Player,3
598017,35,Player,3
598017,61,Player,2
598017,71,Player,3
598017,81,Player,2
598017,83,Player,2
598017,110,Player,2
598017,162,Player,2
598017,185,Player,3
598017,201,Player,3
598017,223,Player,3
598017,258,Player,2
598017,260,Player,2
598017,283,Player,2
598017,349,Player,2
598017,350,Player,3
598017,364,Player,3
598018,9,Player,1
598018,10,Player,11
598018,31,Player,1
598018,63,Player,1
598018,84,Player,11
598018,87,Player,1
598018,89,Player,1
598018,94,Player,11
598018,112,Player,11
598018,136,Player,11
598018,151,Player,1
598018,166,Player,11
598018,216,Player,1
598018,280,Player,11
598018,315,Player,1
598018,325,Player,11
598018,340,Player,11
598018,352,Player,1
598019,4,Player,4
598019,14,Player,4
598019,32,Player,5
598019,39,Player,5
598019,67,Player,4
598019,77,Player,5
598019,85,Player,5
598019,104,Player,5
598019,188,Player,4
598019,209,Player,4
598019,236,Player,4
598019,255,Player,5
598019,309,Player,5
598019,310,Player,5
598019,321,Player,4
598019,329,Player,4
598019,333,Player,4
598019,335,Player,5
598019,345,Player,4
598020,21,Player,3
598020,23,Player,3
598020,35,Player,3
598020,48,Player,10
598020,71,Player,3
598020,96,Player,10
598020,106,Player,10
598020,109,Player,3
598020,125,Player,3
598020,178,Player,10
598020,185,Player,3
598020,201,Player,3
598020,223,Player,3
598020,235,Player,10
598020,253,Player,10
598020,254,Player,10
598020,299,Player,10
598020,306,Player,10
598020,350,Player,3
598021,4,Player,4
598021,9,Player,1
598021,14,Player,4
598021,31,Player,1
598021,67,Player,4
598021,87,Player,1
598021,89,Player,1
598021,95,Player,1
598021,120,Player,4
598021,151,Player,1
598021,216,Player,1
598021,236,Player,4
598021,315,Player,1
598021,320,Player,4
598021,321,Player,4
598021,329,Player,4
598021,333,Player,4
598021,345,Player,4
598021,352,Player,1
598023,48,Player,10
598023,84,Player,11
598023,94,Player,11
598023,96,Player,10
598023,106,Player,10
598023,136,Player,11
598023,166,Player,11
598023,178,Player,10
598023,235,Player,10
598023,253,Player,10
598023,254,Player,10
598023,280,Player,11
598023,299,Player,10
598023,306,Player,10
598023,325,Player,11
598023,327,Player,11
598023,340,Player,11
598023,355,Player,11
598024,32,Player,5
598024,39,Player,5
598024,50,Player,7
598024,57,Player,7
598024,85,Player,5
598024,104,Player,5
598024,131,Player,7
598024,133,Player,7
598024,194,Player,7
598024,208,Player,7
598024,221,Player,7
598024,255,Player,5
598024,297,Player,5
598024,309,Player,5
598024,310,Player,5
598024,335,Player,5
598024,356,Player,7
598024,357,Player,7
598025,19,Player,3
598025,21,Player,3
598025,23,Player,3
598025,29,Player,6
598025,35,Player,3
598025,41,Player,6
598025,71,Player,3
598025,82,Player,6
598025,109,Player,3
598025,185,Player,3
598025,187,Player,6
598025,190,Player,6
598025,201,Player,3
598025,232,Player,6
598025,293,Player,6
598025,338,Player,6
598025,348,Player,6
598025,350,Player,3
598025,364,Player,3
598026,4,Player,4
598026,14,Player,4
598026,67,Player,4
598026,84,Player,11
598026,94,Player,11
598026,120,Player,4
598026,136,Player,11
598026,137,Player,4
598026,166,Player,11
598026,167,Player,4
598026,236,Player,4
598026,280,Player,11
598026,321,Player,4
598026,325,Player,11
598026,327,Player,11
598026,329,Player,4
598026,331,Player,11
598026,340,Player,11
598026,345,Player,4
598027,9,Player,1
598027,19,Player,3
598027,21,Player,3
598027,23,Player,3
598027,31,Player,1
598027,35,Player,3
598027,63,Player,1
598027,71,Player,3
598027,87,Player,1
598027,89,Player,1
598027,109,Player,3
598027,151,Player,1
598027,185,Player,3
598027,201,Player,3
598027,216,Player,1
598027,315,Player,1
598027,350,Player,3
598027,352,Player,1
598027,364,Player,3
598028,32,Player,5
598028,39,Player,5
598028,61,Player,2
598028,77,Player,5
598028,79,Player,2
598028,81,Player,2
598028,83,Player,2
598028,85,Player,5
598028,104,Player,5
598028,110,Player,2
598028,135,Player,2
598028,162,Player,2
598028,238,Player,5
598028,255,Player,5
598028,310,Player,5
598028,335,Player,5
598028,346,Player,2
598028,349,Player,2
598029,29,Player,6
598029,41,Player,6
598029,50,Player,7
598029,54,Player,6
598029,57,Player,7
598029,82,Player,6
598029,126,Player,7
598029,133,Player,7
598029,147,Player,7
598029,177,Player,6
598029,187,Player,6
598029,194,Player,7
598029,208,Player,7
598029,221,Player,7
598029,232,Player,6
598029,293,Player,6
598029,334,Player,6
598029,375,Player,7
598030,4,Player,4
598030,14,Player,4
598030,27,Player,10
598030,48,Player,10
598030,67,Player,4
598030,106,Player,10
598030,120,Player,4
598030,171,Player,10
598030,174,Player,10
598030,235,Player,10
598030,236,Player,4
598030,299,Player,10
598030,306,Player,10
598030,320,Player,4
598030,321,Player,4
598030,329,Player,4
598030,333,Player,4
598030,345,Player,4
598030,358,Player,10
598031,19,Player,3
598031,21,Player,3
598031,23,Player,3
598031,32,Player,5
598031,35,Player,3
598031,39,Player,5
598031,71,Player,3
598031,85,Player,5
598031,104,Player,5
598031,185,Player,3
598031,201,Player,3
598031,255,Player,5
598031,309,Player,5
598031,310,Player,5
598031,335,Player,5
598031,342,Player,5
598031,350,Player,3
598031,364,Player,3
598031,391,Player,3
598032,27,Player,10
598032,61,Player,2
598032,79,Player,2
598032,81,Player,2
598032,83,Player,2
598032,106,Player,10
598032,110,Player,2
598032,135,Player,2
598032,162,Player,2
598032,171,Player,10
598032,253,Player,10
598032,286,Player,10
598032,299,Player,10
598032,306,Player,10
598032,346,Player,2
598032,349,Player,2
598032,358,Player,10
598032,359,Player,10
598033,14,Player,4
598033,29,Player,6
598033,41,Player,6
598033,67,Player,4
598033,73,Player,6
598033,100,Player,4
598033,187,Player,6
598033,190,Player,6
598033,209,Player,4
598033,232,Player,6
598033,236,Player,4
598033,262,Player,6
598033,320,Player,4
598033,321,Player,4
598033,333,Player,4
598033,345,Player,4
598033,353,Player,6
598033,367,Player,4
598033,368,Player,6
598034,9,Player,1
598034,31,Player,1
598034,50,Player,7
598034,87,Player,1
598034,89,Player,1
598034,131,Player,7
598034,133,Player,7
598034,140,Player,1
598034,147,Player,7
598034,151,Player,1
598034,194,Player,7
598034,208,Player,7
598034,216,Player,1
598034,221,Player,7
598034,315,Player,1
598034,352,Player,1
598034,357,Player,7
598034,382,Player,7
598035,19,Player,3
598035,21,Player,3
598035,23,Player,3
598035,35,Player,3
598035,42,Player,11
598035,71,Player,3
598035,84,Player,11
598035,94,Player,11
598035,136,Player,11
598035,166,Player,11
598035,185,Player,3
598035,201,Player,3
598035,325,Player,11
598035,340,Player,11
598035,350,Player,3
598035,361,Player,11
598035,362,Player,11
598035,364,Player,3
598035,391,Player,3
598036,4,Player,4
598036,9,Player,1
598036,14,Player,4
598036,31,Player,1
598036,67,Player,4
598036,89,Player,1
598036,95,Player,1
598036,151,Player,1
598036,216,Player,1
598036,222,Player,1
598036,236,Player,4
598036,256,Player,4
598036,302,Player,4
598036,315,Player,1
598036,320,Player,4
598036,321,Player,4
598036,329,Player,4
598036,345,Player,4
598036,352,Player,1
598037,32,Player,5
598037,39,Player,5
598037,42,Player,11
598037,84,Player,11
598037,85,Player,5
598037,94,Player,11
598037,104,Player,5
598037,136,Player,11
598037,166,Player,11
598037,255,Player,5
598037,280,Player,11
598037,309,Player,5
598037,310,Player,5
598037,325,Player,11
598037,331,Player,11
598037,335,Player,5
598037,340,Player,11
598037,362,Player,11
598037,369,Player,5
598038,50,Player,7
598038,61,Player,2
598038,79,Player,2
598038,80,Player,7
598038,81,Player,2
598038,110,Player,2
598038,131,Player,7
598038,133,Player,7
598038,135,Player,2
598038,147,Player,7
598038,162,Player,2
598038,194,Player,7
598038,208,Player,7
598038,221,Player,7
598038,283,Player,2
598038,346,Player,2
598038,349,Player,2
598038,357,Player,7
598039,2,Player,1
598039,9,Player,1
598039,19,Player,3
598039,21,Player,3
598039,23,Player,3
598039,31,Player,1
598039,35,Player,3
598039,62,Player,3
598039,71,Player,3
598039,89,Player,1
598039,95,Player,1
598039,151,Player,1
598039,201,Player,3
598039,216,Player,1
598039,223,Player,3
598039,315,Player,1
598039,347,Player,1
598039,350,Player,3
598039,364,Player,3
598040,27,Player,10
598040,29,Player,6
598040,41,Player,6
598040,48,Player,10
598040,73,Player,6
598040,106,Player,10
598040,171,Player,10
598040,187,Player,6
598040,190,Player,6
598040,232,Player,6
598040,235,Player,10
598040,262,Player,6
598040,293,Player,6
598040,299,Player,10
598040,306,Player,10
598040,353,Player,6
598040,358,Player,10
598040,363,Player,10
598041,32,Player,5
598041,39,Player,5
598041,61,Player,2
598041,77,Player,5
598041,79,Player,2
598041,81,Player,2
598041,83,Player,2
598041,85,Player,5
598041,104,Player,5
598041,152,Player,2
598041,162,Player,2
598041,163,Player,2
598041,204,Player,5
598041,255,Player,5
598041,310,Player,5
598041,335,Player,5
598041,346,Player,2
598041,349,Player,2
598042,14,Player,4
598042,50,Player,7
598042,67,Player,4
598042,80,Player,7
598042,100,Player,4
598042,120,Player,4
598042,131,Player,7
598042,133,Player,7
598042,147,Player,7
598042,194,Player,7
598042,208,Player,7
598042,221,Player,7
598042,236,Player,4
598042,320,Player,4
598042,321,Player,4
598042,333,Player,4
598042,345,Player,4
598042,357,Player,7
598043,19,Player,3
598043,21,Player,3
598043,23,Player,3
598043,27,Player,10
598043,35,Player,3
598043,48,Player,10
598043,62,Player,3
598043,71,Player,3
598043,106,Player,10
598043,109,Player,3
598043,178,Player,10
598043,201,Player,3
598043,235,Player,10
598043,299,Player,10
598043,306,Player,10
598043,350,Player,3
598043,358,Player,10
598043,363,Player,10
598043,364,Player,3
598044,42,Player,11
598044,50,Player,7
598044,80,Player,7
598044,84,Player,11
598044,94,Player,11
598044,131,Player,7
598044,133,Player,7
598044,136,Player,11
598044,147,Player,7
598044,166,Player,11
598044,194,Player,7
598044,208,Player,7
598044,221,Player,7
598044,280,Player,11
598044,325,Player,11
598044,331,Player,11
598044,340,Player,11
598044,357,Player,7
598044,362,Player,11
598045,9,Player,1
598045,29,Player,6
598045,31,Player,1
598045,41,Player,6
598045,66,Player,1
598045,73,Player,6
598045,89,Player,1
598045,95,Player,1
598045,151,Player,1
598045,187,Player,6
598045,190,Player,6
598045,216,Player,1
598045,226,Player,1
598045,232,Player,6
598045,262,Player,6
598045,293,Player,6
598045,315,Player,1
598045,353,Player,6
598046,14,Player,4
598046,19,Player,3
598046,21,Player,3
598046,23,Player,3
598046,35,Player,3
598046,62,Player,3
598046,67,Player,4
598046,71,Player,3
598046,100,Player,4
598046,109,Player,3
598046,120,Player,4
598046,139,Player,4
598046,201,Player,3
598046,209,Player,4
598046,236,Player,4
598046,320,Player,4
598046,333,Player,4
598046,350,Player,3
598046,364,Player,3
598047,27,Player,10
598047,48,Player,10
598047,61,Player,2
598047,79,Player,2
598047,81,Player,2
598047,83,Player,2
598047,106,Player,10
598047,110,Player,2
598047,121,Player,2
598047,162,Player,2
598047,163,Player,2
598047,174,Player,10
598047,178,Player,10
598047,191,Player,10
598047,235,Player,10
598047,299,Player,10
598047,306,Player,10
598047,354,Player,2
598048,9,Player,1
598048,31,Player,1
598048,32,Player,5
598048,39,Player,5
598048,85,Player,5
598048,89,Player,1
598048,95,Player,1
598048,140,Player,1
598048,204,Player,5
598048,216,Player,1
598048,226,Player,1
598048,255,Player,5
598048,297,Player,5
598048,310,Player,5
598048,315,Player,1
598048,316,Player,5
598048,351,Player,5
598048,352,Player,1
598049,29,Player,6
598049,41,Player,6
598049,42,Player,11
598049,73,Player,6
598049,84,Player,11
598049,94,Player,11
598049,136,Player,11
598049,166,Player,11
598049,187,Player,6
598049,192,Player,6
598049,232,Player,6
598049,262,Player,6
598049,280,Player,11
598049,293,Player,6
598049,325,Player,11
598049,340,Player,11
598049,348,Player,6
598049,362,Player,11
598050,15,Player,2
598050,67,Player,4
598050,81,Player,2
598050,100,Player,4
598050,110,Player,2
598050,120,Player,4
598050,121,Player,2
598050,162,Player,2
598050,163,Player,2
598050,203,Player,2
598050,209,Player,4
598050,236,Player,4
598050,320,Player,4
598050,321,Player,4
598050,333,Player,4
598050,345,Player,4
598050,346,Player,2
598050,354,Player,2
598050,367,Player,4
598051,19,Player,3
598051,21,Player,3
598051,23,Player,3
598051,35,Player,3
598051,50,Player,7
598051,71,Player,3
598051,131,Player,7
598051,133,Player,7
598051,147,Player,7
598051,185,Player,3
598051,194,Player,7
598051,201,Player,3
598051,208,Player,7
598051,221,Player,7
598051,343,Player,3
598051,350,Player,3
598051,357,Player,7
598051,364,Player,3
598051,453,Player,7
598052,27,Player,10
598052,32,Player,5
598052,39,Player,5
598052,46,Player,10
598052,85,Player,5
598052,104,Player,5
598052,191,Player,10
598052,235,Player,10
598052,253,Player,10
598052,255,Player,5
598052,267,Player,10
598052,299,Player,10
598052,309,Player,5
598052,310,Player,5
598052,332,Player,10
598052,335,Player,5
598052,365,Player,10
598052,369,Player,5
598053,10,Player,11
598053,61,Player,2
598053,81,Player,2
598053,83,Player,2
598053,84,Player,11
598053,94,Player,11
598053,110,Player,2
598053,121,Player,2
598053,136,Player,11
598053,162,Player,2
598053,163,Player,2
598053,260,Player,2
598053,280,Player,11
598053,325,Player,11
598053,327,Player,11
598053,331,Player,11
598053,340,Player,11
598053,346,Player,2
598054,32,Player,5
598054,39,Player,5
598054,41,Player,6
598054,82,Player,6
598054,85,Player,5
598054,104,Player,5
598054,187,Player,6
598054,190,Player,6
598054,232,Player,6
598054,237,Player,6
598054,238,Player,5
598054,255,Player,5
598054,310,Player,5
598054,322,Player,6
598054,353,Player,6
598054,368,Player,6
598054,369,Player,5
598054,370,Player,5
598055,9,Player,1
598055,31,Player,1
598055,50,Player,7
598055,89,Player,1
598055,95,Player,1
598055,131,Player,7
598055,133,Player,7
598055,140,Player,1
598055,147,Player,7
598055,151,Player,1
598055,194,Player,7
598055,208,Player,7
598055,210,Player,1
598055,216,Player,1
598055,221,Player,7
598055,246,Player,7
598055,315,Player,1
598055,357,Player,7
598056,19,Player,3
598056,21,Player,3
598056,23,Player,3
598056,35,Player,3
598056,42,Player,11
598056,71,Player,3
598056,84,Player,11
598056,94,Player,11
598056,136,Player,11
598056,166,Player,11
598056,185,Player,3
598056,201,Player,3
598056,280,Player,11
598056,325,Player,11
598056,340,Player,11
598056,350,Player,3
598056,362,Player,11
598056,364,Player,3
598056,391,Player,3
598057,4,Player,4
598057,14,Player,4
598057,32,Player,5
598057,39,Player,5
598057,67,Player,4
598057,77,Player,5
598057,85,Player,5
598057,100,Player,4
598057,104,Player,5
598057,120,Player,4
598057,209,Player,4
598057,228,Player,4
598057,236,Player,4
598057,309,Player,5
598057,310,Player,5
598057,320,Player,4
598057,333,Player,4
598057,335,Player,5
598057,351,Player,5
598058,9,Player,1
598058,27,Player,10
598058,31,Player,1
598058,46,Player,10
598058,87,Player,1
598058,89,Player,1
598058,140,Player,1
598058,151,Player,1
598058,191,Player,10
598058,216,Player,1
598058,253,Player,10
598058,267,Player,10
598058,284,Player,1
598058,299,Player,10
598058,315,Player,1
598058,332,Player,10
598058,365,Player,10
598058,366,Player,10
598059,29,Player,6
598059,41,Player,6
598059,64,Player,6
598059,79,Player,2
598059,81,Player,2
598059,83,Player,2
598059,162,Player,2
598059,163,Player,2
598059,190,Player,6
598059,203,Player,2
598059,232,Player,6
598059,262,Player,6
598059,283,Player,2
598059,293,Player,6
598059,346,Player,2
598059,349,Player,2
598059,353,Player,6
598059,368,Player,6
598060,27,Player,10
598060,48,Player,10
598060,50,Player,7
598060,96,Player,10
598060,106,Player,10
598060,131,Player,7
598060,133,Player,7
598060,147,Player,7
598060,174,Player,10
598060,191,Player,10
598060,194,Player,7
598060,208,Player,7
598060,246,Player,7
598060,299,Player,10
598060,305,Player,7
598060,357,Player,7
598060,363,Player,10
598060,366,Player,10
598061,14,Player,4
598061,42,Player,11
598061,67,Player,4
598061,84,Player,11
598061,94,Player,11
598061,100,Player,4
598061,136,Player,11
598061,139,Player,4
598061,166,Player,11
598061,209,Player,4
598061,236,Player,4
598061,256,Player,4
598061,280,Player,11
598061,320,Player,4
598061,327,Player,11
598061,333,Player,4
598061,340,Player,11
598061,362,Player,11
598061,367,Player,4
598062,9,Player,1
598062,31,Player,1
598062,79,Player,2
598062,81,Player,2
598062,83,Player,2
598062,87,Player,1
598062,89,Player,1
598062,95,Player,1
598062,151,Player,1
598062,162,Player,2
598062,163,Player,2
598062,203,Player,2
598062,244,Player,2
598062,284,Player,1
598062,315,Player,1
598062,346,Player,2
598062,349,Player,2
598062,352,Player,1
598063,19,Player,3
598063,21,Player,3
598063,23,Player,3
598063,32,Player,5
598063,35,Player,3
598063,39,Player,5
598063,71,Player,3
598063,85,Player,5
598063,104,Player,5
598063,185,Player,3
598063,201,Player,3
598063,243,Player,5
598063,255,Player,5
598063,309,Player,5
598063,310,Player,5
598063,350,Player,3
598063,351,Player,5
598063,364,Player,3
598063,391,Player,3
598064,4,Player,4
598064,14,Player,4
598064,29,Player,6
598064,41,Player,6
598064,67,Player,4
598064,73,Player,6
598064,82,Player,6
598064,139,Player,4
598064,177,Player,6
598064,187,Player,6
598064,192,Player,6
598064,232,Player,6
598064,236,Player,4
598064,256,Player,4
598064,302,Player,4
598064,320,Player,4
598064,333,Player,4
598064,338,Player,6
598064,345,Player,4
598065,42,Player,11
598065,50,Player,7
598065,80,Player,7
598065,84,Player,11
598065,94,Player,11
598065,131,Player,7
598065,133,Player,7
598065,136,Player,11
598065,147,Player,7
598065,166,Player,11
598065,194,Player,7
598065,208,Player,7
598065,221,Player,7
598065,280,Player,11
598065,327,Player,11
598065,340,Player,11
598065,357,Player,7
598065,362,Player,11
598066,9,Player,1
598066,27,Player,10
598066,31,Player,1
598066,87,Player,1
598066,89,Player,1
598066,95,Player,1
598066,96,Player,10
598066,151,Player,1
598066,191,Player,10
598066,259,Player,10
598066,267,Player,10
598066,284,Player,1
598066,286,Player,10
598066,299,Player,10
598066,315,Player,1
598066,352,Player,1
598066,358,Player,10
598066,359,Player,10
598067,19,Player,3
598067,21,Player,3
598067,23,Player,3
598067,29,Player,6
598067,35,Player,3
598067,41,Player,6
598067,71,Player,3
598067,73,Player,6
598067,109,Player,3
598067,177,Player,6
598067,185,Player,3
598067,192,Player,6
598067,201,Player,3
598067,232,Player,6
598067,262,Player,6
598067,353,Player,6
598067,364,Player,3
598067,368,Player,6
598067,391,Player,3
598068,32,Player,5
598068,50,Player,7
598068,80,Player,7
598068,85,Player,5
598068,104,Player,5
598068,131,Player,7
598068,194,Player,7
598068,207,Player,7
598068,208,Player,7
598068,221,Player,7
598068,255,Player,5
598068,297,Player,5
598068,305,Player,7
598068,309,Player,5
598068,310,Player,5
598068,351,Player,5
598068,357,Player,7
598068,370,Player,5
598069,14,Player,4
598069,61,Player,2
598069,67,Player,4
598069,79,Player,2
598069,81,Player,2
598069,83,Player,2
598069,100,Player,4
598069,110,Player,2
598069,120,Player,4
598069,162,Player,2
598069,163,Player,2
598069,203,Player,2
598069,209,Player,4
598069,236,Player,4
598069,320,Player,4
598069,333,Player,4
598069,349,Player,2
598069,454,Player,4
598070,32,Player,5
598070,39,Player,5
598070,42,Player,11
598070,84,Player,11
598070,85,Player,5
598070,94,Player,11
598070,104,Player,5
598070,136,Player,11
598070,166,Player,11
598070,255,Player,5
598070,280,Player,11
598070,309,Player,5
598070,310,Player,5
598070,327,Player,11
598070,340,Player,11
598070,362,Player,11
598070,369,Player,5
598070,370,Player,5
598071,14,Player,4
598071,50,Player,7
598071,67,Player,4
598071,80,Player,7
598071,100,Player,4
598071,194,Player,7
598071,207,Player,7
598071,208,Player,7
598071,221,Player,7
598071,236,Player,4
598071,305,Player,7
598071,320,Player,4
598071,321,Player,4
598071,329,Player,4
598071,333,Player,4
598071,345,Player,4
598071,356,Player,7
598071,367,Player,4
598071,371,Player,7
598072,27,Player,10
598072,29,Player,6
598072,41,Player,6
598072,93,Player,6
598072,96,Player,10
598072,106,Player,10
598072,187,Player,6
598072,190,Player,6
598072,191,Player,10
598072,232,Player,6
598072,259,Player,10
598072,267,Player,10
598072,286,Player,10
598072,293,Player,6
598072,299,Player,10
598072,353,Player,6
598072,358,Player,10
598072,368,Player,6
598073,15,Player,2
598073,19,Player,3
598073,21,Player,3
598073,23,Player,3
598073,35,Player,3
598073,61,Player,2
598073,71,Player,3
598073,79,Player,2
598073,81,Player,2
598073,110,Player,2
598073,162,Player,2
598073,163,Player,2
598073,185,Player,3
598073,201,Player,3
598073,346,Player,2
598073,349,Player,2
598073,350,Player,3
598073,364,Player,3
598073,391,Player,3
598074,9,Player,1
598074,31,Player,1
598074,42,Player,11
598074,94,Player,11
598074,116,Player,1
598074,136,Player,11
598074,140,Player,1
598074,166,Player,11
598074,212,Player,1
598074,216,Player,1
598074,280,Player,11
598074,284,Player,1
598074,315,Player,1
598074,327,Player,11
598074,340,Player,11
598074,347,Player,1
598074,362,Player,11
598074,446,Player,11
598075,19,Player,3
598075,21,Player,3
598075,23,Player,3
598075,35,Player,3
598075,50,Player,7
598075,71,Player,3
598075,109,Player,3
598075,126,Player,7
598075,131,Player,7
598075,147,Player,7
598075,185,Player,3
598075,194,Player,7
598075,201,Player,3
598075,207,Player,7
598075,208,Player,7
598075,221,Player,7
598075,350,Player,3
598075,357,Player,7
598075,364,Player,3
598076,32,Player,5
598076,39,Player,5
598076,42,Player,11
598076,84,Player,11
598076,85,Player,5
598076,94,Player,11
598076,104,Player,5
598076,136,Player,11
598076,166,Player,11
598076,243,Player,5
598076,255,Player,5
598076,280,Player,11
598076,309,Player,5
598076,310,Player,5
598076,327,Player,11
598076,340,Player,11
598076,351,Player,5
598076,362,Player,11
598077,32,Player,5
598077,39,Player,5
598077,50,Player,7
598077,85,Player,5
598077,104,Player,5
598077,131,Player,7
598077,147,Player,7
598077,194,Player,7
598077,207,Player,7
598077,208,Player,7
598077,221,Player,7
598077,243,Player,5
598077,255,Player,5
598077,309,Player,5
598077,310,Player,5
598077,351,Player,5
598077,356,Player,7
598077,357,Player,7
598078,19,Player,3
598078,21,Player,3
598078,23,Player,3
598078,35,Player,3
598078,50,Player,7
598078,71,Player,3
598078,109,Player,3
598078,131,Player,7
598078,147,Player,7
598078,185,Player,3
598078,194,Player,7
598078,201,Player,3
598078,207,Player,7
598078,208,Player,7
598078,221,Player,7
598078,350,Player,3
598078,356,Player,7
598078,357,Player,7
598078,364,Player,3
729284,9,Player,1
729284,15,Player,7
729284,19,Player,7
729284,31,Player,1
729284,50,Player,7
729284,67,Player,1
729284,81,Player,1
729284,96,Player,1
729284,131,Player,7
729284,190,Player,1
729284,194,Player,7
729284,207,Player,7
729284,208,Player,7
729284,221,Player,7
729284,276,Player,1
729284,308,Player,1
729284,315,Player,1
729284,372,Player,7
729286,27,Player,2
729286,52,Player,6
729286,87,Player,6
729286,106,Player,2
729286,109,Player,2
729286,110,Player,2
729286,154,Player,6
729286,185,Player,6
729286,235,Player,6
729286,260,Player,6
729286,267,Player,6
729286,293,Player,6
729286,296,Player,2
729286,301,Player,2
729286,347,Player,6
729286,373,Player,2
729286,376,Player,6
729286,378,Player,2
729286,382,Player,2
729288,2,Player,3
729288,21,Player,3
729288,35,Player,3
729288,41,Player,4
729288,71,Player,3
729288,73,Player,3
729288,147,Player,3
729288,151,Player,4
729288,201,Player,3
729288,203,Player,4
729288,303,Player,3
729288,305,Player,4
729288,320,Player,4
729288,322,Player,3
729288,333,Player,4
729288,356,Player,4
729288,357,Player,4
729288,364,Player,3
729288,374,Player,4
729290,48,Player,5
729290,54,Player,11
729290,80,Player,5
729290,84,Player,11
729290,85,Player,5
729290,89,Player,5
729290,94,Player,11
729290,104,Player,5
729290,136,Player,11
729290,166,Player,11
729290,187,Player,11
729290,254,Player,11
729290,255,Player,5
729290,299,Player,11
729290,310,Player,5
729290,362,Player,11
729290,363,Player,5
729290,370,Player,5
729292,15,Player,7
729292,19,Player,7
729292,27,Player,2
729292,50,Player,7
729292,106,Player,2
729292,109,Player,2
729292,110,Player,2
729292,131,Player,7
729292,194,Player,7
729292,208,Player,7
729292,221,Player,7
729292,296,Player,2
729292,301,Player,2
729292,372,Player,7
729292,373,Player,2
729292,375,Player,7
729292,378,Player,2
729292,382,Player,2
729294,9,Player,1
729294,31,Player,1
729294,52,Player,6
729294,67,Player,1
729294,81,Player,1
729294,87,Player,6
729294,96,Player,1
729294,154,Player,6
729294,185,Player,6
729294,190,Player,1
729294,260,Player,6
729294,276,Player,1
729294,293,Player,6
729294,308,Player,1
729294,315,Player,1
729294,346,Player,6
729294,347,Player,6
729294,371,Player,6
729294,376,Player,6
729296,41,Player,4
729296,48,Player,5
729296,80,Player,5
729296,83,Player,4
729296,85,Player,5
729296,89,Player,5
729296,151,Player,4
729296,203,Player,4
729296,255,Player,5
729296,305,Player,4
729296,306,Player,5
729296,310,Player,5
729296,320,Player,4
729296,333,Player,4
729296,357,Player,4
729296,363,Player,5
729296,370,Player,5
729296,374,Player,4
729298,2,Player,3
729298,21,Player,3
729298,35,Player,3
729298,52,Player,6
729298,87,Player,6
729298,147,Player,3
729298,154,Player,6
729298,171,Player,3
729298,185,Player,6
729298,201,Player,3
729298,260,Player,6
729298,293,Player,6
729298,303,Player,3
729298,346,Player,6
729298,347,Player,6
729298,359,Player,3
729298,364,Player,3
729298,371,Player,6
729298,376,Player,6
729298,451,Player,3
729300,29,Player,11
729300,41,Player,4
729300,54,Player,11
729300,94,Player,11
729300,136,Player,11
729300,151,Player,4
729300,166,Player,11
729300,187,Player,11
729300,203,Player,4
729300,254,Player,11
729300,299,Player,11
729300,305,Player,4
729300,320,Player,4
729300,356,Player,4
729300,357,Player,4
729300,362,Player,11
729300,367,Player,4
729300,374,Player,4
729302,2,Player,3
729302,21,Player,3
729302,35,Player,3
729302,48,Player,5
729302,80,Player,5
729302,85,Player,5
729302,89,Player,5
729302,147,Player,3
729302,171,Player,3
729302,201,Player,3
729302,255,Player,5
729302,303,Player,3
729302,306,Player,5
729302,310,Player,5
729302,359,Player,3
729302,364,Player,3
729302,370,Player,5
729302,377,Player,5
729302,451,Player,3
729304,9,Player,1
729304,27,Player,2
729304,31,Player,1
729304,81,Player,1
729304,96,Player,1
729304,106,Player,2
729304,109,Player,2
729304,110,Player,2
729304,114,Player,2
729304,121,Player,2
729304,190,Player,1
729304,232,Player,1
729304,296,Player,2
729304,308,Player,1
729304,315,Player,1
729304,336,Player,1
729304,378,Player,2
729304,382,Player,2
729306,54,Player,11
729306,63,Player,6
729306,87,Player,6
729306,94,Player,11
729306,136,Player,11
729306,154,Player,6
729306,166,Player,11
729306,185,Player,6
729306,187,Player,11
729306,254,Player,11
729306,267,Player,6
729306,293,Player,6
729306,299,Player,11
729306,346,Player,6
729306,347,Player,6
729306,354,Player,11
729306,355,Player,6
729306,362,Player,11
729308,2,Player,3
729308,15,Player,7
729308,19,Player,7
729308,21,Player,3
729308,35,Player,3
729308,50,Player,7
729308,131,Player,7
729308,147,Player,3
729308,171,Player,3
729308,194,Player,7
729308,201,Player,3
729308,207,Player,7
729308,208,Player,7
729308,221,Player,7
729308,303,Player,3
729308,359,Player,3
729308,364,Player,3
729308,372,Player,7
729308,451,Player,3
729310,27,Player,2
729310,48,Player,5
729310,85,Player,5
729310,89,Player,5
729310,106,Player,2
729310,109,Player,2
729310,110,Player,2
729310,114,Player,2
729310,255,Player,5
729310,301,Player,2
729310,306,Player,5
729310,339,Player,5
729310,349,Player,2
729310,363,Player,5
729310,370,Player,5
729310,377,Player,5
729310,378,Player,2
729310,382,Player,2
729312,9,Player,1
729312,31,Player,1
729312,41,Player,4
729312,67,Player,1
729312,96,Player,1
729312,151,Player,4
729312,190,Player,1
729312,203,Player,4
729312,232,Player,1
729312,305,Player,4
729312,308,Player,1
729312,315,Player,1
729312,320,Player,4
729312,336,Player,1
729312,356,Player,4
729312,357,Player,4
729312,367,Player,4
729312,374,Player,4
729314,15,Player,7
729314,19,Player,7
729314,50,Player,7
729314,63,Player,6
729314,131,Player,7
729314,154,Player,6
729314,185,Player,6
729314,194,Player,7
729314,207,Player,7
729314,208,Player,7
729314,221,Player,7
729314,237,Player,6
729314,267,Player,6
729314,293,Player,6
729314,346,Player,6
729314,347,Player,6
729314,355,Player,6
729314,372,Player,7
729316,2,Player,3
729316,21,Player,3
729316,35,Player,3
729316,54,Player,11
729316,84,Player,11
729316,94,Player,11
729316,136,Player,11
729316,147,Player,3
729316,166,Player,11
729316,171,Player,3
729316,187,Player,11
729316,201,Player,3
729316,254,Player,11
729316,299,Player,11
729316,303,Player,3
729316,359,Player,3
729316,362,Player,11
729316,364,Player,3
729316,451,Player,3
729318,27,Player,2
729318,41,Player,4
729318,106,Player,2
729318,109,Player,2
729318,110,Player,2
729318,114,Player,2
729318,151,Player,4
729318,162,Player,2
729318,203,Player,4
729318,296,Player,2
729318,305,Player,4
729318,320,Player,4
729318,356,Player,4
729318,357,Player,4
729318,367,Player,4
729318,374,Player,4
729318,378,Player,2
729318,382,Player,2
729322,15,Player,7
729322,29,Player,11
729322,50,Player,7
729322,94,Player,11
729322,131,Player,7
729322,136,Player,11
729322,166,Player,11
729322,187,Player,11
729322,194,Player,7
729322,207,Player,7
729322,208,Player,7
729322,221,Player,7
729322,254,Player,11
729322,299,Player,11
729322,354,Player,11
729322,362,Player,11
729322,372,Player,7
729322,379,Player,7
733976,2,Player,3
733976,9,Player,1
733976,21,Player,3
733976,31,Player,1
733976,35,Player,3
733976,67,Player,1
733976,81,Player,1
733976,96,Player,1
733976,147,Player,3
733976,171,Player,3
733976,201,Player,3
733976,276,Player,1
733976,303,Player,3
733976,308,Player,1
733976,315,Player,1
733976,334,Player,1
733976,359,Player,3
733976,364,Player,3
733976,451,Player,3
733978,15,Player,7
733978,41,Player,4
733978,50,Player,7
733978,151,Player,4
733978,194,Player,7
733978,203,Player,4
733978,207,Player,7
733978,208,Player,7
733978,221,Player,7
733978,305,Player,4
733978,320,Player,4
733978,356,Player,4
733978,357,Player,4
733978,367,Player,4
733978,372,Player,7
733978,374,Player,4
733978,375,Player,7
733978,379,Player,7
733980,80,Player,5
733980,85,Player,5
733980,89,Player,5
733980,154,Player,6
733980,185,Player,6
733980,235,Player,6
733980,237,Player,6
733980,255,Player,5
733980,267,Player,6
733980,293,Player,6
733980,306,Player,5
733980,310,Player,5
733980,339,Player,5
733980,346,Player,6
733980,347,Player,6
733980,355,Player,6
733980,363,Player,5
733980,370,Player,5
733982,27,Player,2
733982,29,Player,11
733982,84,Player,11
733982,94,Player,11
733982,106,Player,2
733982,110,Player,2
733982,162,Player,2
733982,166,Player,11
733982,187,Player,11
733982,254,Player,11
733982,296,Player,2
733982,299,Player,11
733982,311,Player,2
733982,354,Player,11
733982,362,Player,11
733982,378,Player,2
733982,380,Player,2
733982,382,Player,2
733984,31,Player,1
733984,81,Player,1
733984,85,Player,5
733984,89,Player,5
733984,96,Player,1
733984,232,Player,1
733984,255,Player,5
733984,276,Player,1
733984,284,Player,1
733984,306,Player,5
733984,308,Player,1
733984,310,Player,5
733984,315,Player,1
733984,334,Player,1
733984,339,Player,5
733984,370,Player,5
733984,377,Player,5
733984,390,Player,5
733986,2,Player,3
733986,21,Player,3
733986,35,Player,3
733986,63,Player,6
733986,147,Player,3
733986,154,Player,6
733986,171,Player,3
733986,185,Player,6
733986,201,Player,3
733986,237,Player,6
733986,267,Player,6
733986,293,Player,6
733986,303,Player,3
733986,346,Player,6
733986,347,Player,6
733986,355,Player,6
733986,359,Player,3
733986,364,Player,3
733986,451,Player,3
733988,27,Player,2
733988,50,Player,7
733988,106,Player,2
733988,110,Player,2
733988,162,Player,2
733988,194,Player,7
733988,207,Player,7
733988,208,Player,7
733988,221,Player,7
733988,296,Player,2
733988,311,Player,2
733988,372,Player,7
733988,375,Player,7
733988,378,Player,2
733988,379,Player,7
733988,380,Player,2
733988,382,Player,2
733988,453,Player,7
733990,9,Player,1
733990,31,Player,1
733990,63,Player,6
733990,81,Player,1
733990,96,Player,1
733990,154,Player,6
733990,185,Player,6
733990,232,Player,1
733990,237,Player,6
733990,267,Player,6
733990,276,Player,1
733990,284,Player,1
733990,293,Player,6
733990,308,Player,1
733990,315,Player,1
733990,347,Player,6
733990,355,Player,6
733990,368,Player,6
733992,2,Player,3
733992,21,Player,3
733992,35,Player,3
733992,41,Player,4
733992,83,Player,4
733992,147,Player,3
733992,171,Player,3
733992,201,Player,3
733992,236,Player,4
733992,303,Player,3
733992,305,Player,4
733992,320,Player,4
733992,356,Player,4
733992,357,Player,4
733992,359,Player,3
733992,364,Player,3
733992,367,Player,4
733992,374,Player,4
733992,451,Player,3
733994,29,Player,11
733994,80,Player,5
733994,85,Player,5
733994,89,Player,5
733994,94,Player,11
733994,136,Player,11
733994,163,Player,11
733994,166,Player,11
733994,187,Player,11
733994,254,Player,11
733994,255,Player,5
733994,299,Player,11
733994,306,Player,5
733994,310,Player,5
733994,339,Player,5
733994,354,Player,11
733994,363,Player,5
733994,370,Player,5
733996,27,Player,2
733996,41,Player,4
733996,109,Player,2
733996,110,Player,2
733996,151,Player,4
733996,162,Player,2
733996,236,Player,4
733996,296,Player,2
733996,301,Player,2
733996,305,Player,4
733996,311,Player,2
733996,320,Player,4
733996,357,Player,4
733996,367,Player,4
733996,374,Player,4
733996,378,Player,2
733996,381,Player,4
733996,382,Player,2
733998,29,Player,11
733998,63,Player,6
733998,94,Player,11
733998,136,Player,11
733998,154,Player,6
733998,163,Player,11
733998,166,Player,11
733998,187,Player,11
733998,237,Player,6
733998,254,Player,11
733998,260,Player,6
733998,299,Player,11
733998,342,Player,6
733998,347,Player,6
733998,354,Player,11
733998,355,Player,6
733998,368,Player,6
733998,386,Player,6
734000,2,Player,3
734000,14,Player,7
734000,21,Player,3
734000,35,Player,3
734000,50,Player,7
734000,147,Player,3
734000,171,Player,3
734000,194,Player,7
734000,201,Player,3
734000,207,Player,7
734000,208,Player,7
734000,221,Player,7
734000,303,Player,3
734000,359,Player,3
734000,364,Player,3
734000,372,Player,7
734000,375,Player,7
734000,383,Player,7
734000,452,Player,3
734002,9,Player,1
734002,31,Player,1
734002,41,Player,4
734002,67,Player,1
734002,96,Player,1
734002,190,Player,1
734002,232,Player,1
734002,236,Player,4
734002,284,Player,1
734002,305,Player,4
734002,308,Player,1
734002,315,Player,1
734002,320,Player,4
734002,333,Player,4
734002,356,Player,4
734002,357,Player,4
734002,367,Player,4
734002,374,Player,4
734004,27,Player,2
734004,85,Player,5
734004,89,Player,5
734004,106,Player,2
734004,109,Player,2
734004,110,Player,2
734004,162,Player,2
734004,255,Player,5
734004,296,Player,2
734004,306,Player,5
734004,310,Player,5
734004,339,Player,5
734004,363,Player,5
734004,370,Player,5
734004,378,Player,2
734004,382,Player,2
734004,384,Player,2
734004,390,Player,5
734006,29,Player,11
734006,50,Player,7
734006,94,Player,11
734006,131,Player,7
734006,136,Player,11
734006,163,Player,11
734006,166,Player,11
734006,187,Player,11
734006,194,Player,7
734006,207,Player,7
734006,208,Player,7
734006,221,Player,7
734006,254,Player,11
734006,299,Player,11
734006,354,Player,11
734006,372,Player,7
734006,375,Player,7
734006,383,Player,7
734008,2,Player,3
734008,21,Player,3
734008,35,Player,3
734008,85,Player,5
734008,89,Player,5
734008,147,Player,3
734008,201,Player,3
734008,255,Player,5
734008,303,Player,3
734008,306,Player,5
734008,309,Player,5
734008,310,Player,5
734008,314,Player,5
734008,339,Player,5
734008,359,Player,3
734008,364,Player,3
734008,370,Player,5
734008,452,Player,3
734008,455,Player,3
734010,27,Player,2
734010,88,Player,6
734010,110,Player,2
734010,121,Player,2
734010,154,Player,6
734010,162,Player,2
734010,185,Player,6
734010,237,Player,6
734010,246,Player,2
734010,260,Player,6
734010,301,Player,2
734010,342,Player,6
734010,347,Player,6
734010,368,Player,6
734010,378,Player,2
734010,382,Player,2
734010,384,Player,2
734010,386,Player,6
734012,29,Player,11
734012,41,Player,4
734012,94,Player,11
734012,136,Player,11
734012,163,Player,11
734012,166,Player,11
734012,187,Player,11
734012,254,Player,11
734012,299,Player,11
734012,305,Player,4
734012,320,Player,4
734012,345,Player,4
734012,354,Player,11
734012,356,Player,4
734012,357,Player,4
734012,367,Player,4
734012,374,Player,4
734012,381,Player,4
734014,31,Player,1
734014,50,Player,7
734014,67,Player,1
734014,96,Player,1
734014,131,Player,7
734014,190,Player,1
734014,194,Player,7
734014,207,Player,7
734014,208,Player,7
734014,221,Player,7
734014,232,Player,1
734014,276,Player,1
734014,284,Player,1
734014,308,Player,1
734014,315,Player,1
734014,372,Player,7
734014,375,Player,7
734014,383,Player,7
734016,52,Player,6
734016,80,Player,5
734016,85,Player,5
734016,87,Player,6
734016,89,Player,5
734016,154,Player,6
734016,237,Player,6
734016,255,Player,5
734016,260,Player,6
734016,293,Player,6
734016,309,Player,5
734016,310,Player,5
734016,339,Player,5
734016,342,Player,6
734016,368,Player,6
734016,370,Player,5
734016,385,Player,5
734016,386,Player,6
734018,2,Player,3
734018,4,Player,3
734018,21,Player,3
734018,27,Player,2
734018,35,Player,3
734018,110,Player,2
734018,121,Player,2
734018,147,Player,3
734018,162,Player,2
734018,171,Player,3
734018,201,Player,3
734018,246,Player,2
734018,296,Player,2
734018,301,Player,2
734018,359,Player,3
734018,364,Player,3
734018,378,Player,2
734018,382,Player,2
734018,452,Player,3
734020,29,Player,11
734020,31,Player,1
734020,42,Player,11
734020,67,Player,1
734020,94,Player,11
734020,96,Player,1
734020,136,Player,11
734020,166,Player,11
734020,187,Player,11
734020,190,Player,1
734020,232,Player,1
734020,254,Player,11
734020,276,Player,1
734020,284,Player,1
734020,299,Player,11
734020,308,Player,1
734020,315,Player,1
734020,354,Player,11
734022,19,Player,7
734022,50,Player,7
734022,80,Player,5
734022,89,Player,5
734022,104,Player,5
734022,131,Player,7
734022,208,Player,7
734022,221,Player,7
734022,255,Player,5
734022,262,Player,5
734022,309,Player,5
734022,310,Player,5
734022,314,Player,5
734022,339,Player,5
734022,375,Player,7
734022,383,Player,7
734022,388,Player,7
734022,456,Player,7
734024,41,Player,4
734024,87,Player,6
734024,154,Player,6
734024,185,Player,6
734024,237,Player,6
734024,260,Player,6
734024,267,Player,6
734024,305,Player,4
734024,320,Player,4
734024,345,Player,4
734024,346,Player,6
734024,347,Player,6
734024,356,Player,4
734024,367,Player,4
734024,374,Player,4
734024,381,Player,4
734024,386,Player,6
734024,387,Player,4
734026,27,Player,2
734026,29,Player,11
734026,42,Player,11
734026,54,Player,11
734026,94,Player,11
734026,110,Player,2
734026,121,Player,2
734026,162,Player,2
734026,166,Player,11
734026,187,Player,11
734026,246,Player,2
734026,254,Player,11
734026,296,Player,2
734026,299,Player,11
734026,301,Player,2
734026,366,Player,11
734026,378,Player,2
734026,382,Player,2
734028,2,Player,3
734028,21,Player,3
734028,31,Player,1
734028,35,Player,3
734028,67,Player,1
734028,96,Player,1
734028,147,Player,3
734028,171,Player,3
734028,201,Player,3
734028,232,Player,1
734028,276,Player,1
734028,284,Player,1
734028,303,Player,3
734028,308,Player,1
734028,315,Player,1
734028,359,Player,3
734028,364,Player,3
734028,405,Player,1
734028,451,Player,3
734030,14,Player,7
734030,19,Player,7
734030,41,Player,4
734030,100,Player,4
734030,131,Player,7
734030,208,Player,7
734030,221,Player,7
734030,305,Player,4
734030,345,Player,4
734030,356,Player,4
734030,367,Player,4
734030,374,Player,4
734030,375,Player,7
734030,381,Player,4
734030,383,Player,7
734030,387,Player,4
734030,388,Player,7
734030,456,Player,7
734032,27,Player,2
734032,31,Player,1
734032,81,Player,1
734032,96,Player,1
734032,106,Player,2
734032,110,Player,2
734032,121,Player,2
734032,162,Player,2
734032,190,Player,1
734032,232,Player,1
734032,246,Player,2
734032,276,Player,1
734032,284,Player,1
734032,301,Player,2
734032,308,Player,1
734032,315,Player,1
734032,378,Player,2
734032,382,Player,2
734034,4,Player,3
734034,21,Player,3
734034,29,Player,11
734034,35,Player,3
734034,42,Player,11
734034,54,Player,11
734034,94,Player,11
734034,147,Player,3
734034,166,Player,11
734034,171,Player,3
734034,187,Player,11
734034,201,Player,3
734034,254,Player,11
734034,299,Player,11
734034,303,Player,3
734034,322,Player,3
734034,364,Player,3
734034,366,Player,11
734034,457,Player,3
734036,19,Player,7
734036,50,Player,7
734036,87,Player,6
734036,131,Player,7
734036,154,Player,6
734036,185,Player,6
734036,208,Player,7
734036,221,Player,7
734036,237,Player,6
734036,267,Player,6
734036,293,Player,6
734036,346,Player,6
734036,368,Player,6
734036,375,Player,7
734036,383,Player,7
734036,386,Player,6
734036,388,Player,7
734036,389,Player,7
734038,41,Player,4
734038,85,Player,5
734038,100,Player,4
734038,104,Player,5
734038,151,Player,4
734038,243,Player,5
734038,255,Player,5
734038,309,Player,5
734038,310,Player,5
734038,320,Player,4
734038,339,Player,5
734038,345,Player,4
734038,356,Player,4
734038,370,Player,5
734038,374,Player,4
734038,387,Player,4
734038,390,Player,5
734038,392,Player,4
734040,4,Player,3
734040,21,Player,3
734040,27,Player,2
734040,35,Player,3
734040,73,Player,3
734040,110,Player,2
734040,147,Player,3
734040,171,Player,3
734040,186,Player,2
734040,201,Player,3
734040,301,Player,2
734040,303,Player,3
734040,349,Player,2
734040,364,Player,3
734040,378,Player,2
734040,380,Player,2
734040,382,Player,2
734040,384,Player,2
734040,452,Player,3
734042,31,Player,1
734042,42,Player,11
734042,54,Player,11
734042,81,Player,1
734042,94,Player,11
734042,96,Player,1
734042,125,Player,11
734042,166,Player,11
734042,187,Player,11
734042,190,Player,1
734042,232,Player,1
734042,276,Player,1
734042,284,Player,1
734042,299,Player,11
734042,308,Player,1
734042,315,Player,1
734042,366,Player,11
734042,391,Player,11
734044,41,Player,4
734044,87,Player,6
734044,154,Player,6
734044,237,Player,6
734044,260,Player,6
734044,293,Player,6
734044,305,Player,4
734044,320,Player,4
734044,333,Player,4
734044,345,Player,4
734044,346,Player,6
734044,347,Player,6
734044,356,Player,4
734044,357,Player,4
734044,374,Player,4
734044,376,Player,6
734044,386,Player,6
734044,392,Player,4
734046,19,Player,7
734046,48,Player,5
734046,50,Player,7
734046,80,Player,5
734046,85,Player,5
734046,104,Player,5
734046,131,Player,7
734046,208,Player,7
734046,221,Player,7
734046,309,Player,5
734046,310,Player,5
734046,314,Player,5
734046,339,Player,5
734046,370,Player,5
734046,372,Player,7
734046,375,Player,7
734046,383,Player,7
734046,388,Player,7
734048,31,Player,1
734048,41,Player,4
734048,67,Player,1
734048,96,Player,1
734048,190,Player,1
734048,232,Player,1
734048,276,Player,1
734048,284,Player,1
734048,305,Player,4
734048,308,Player,1
734048,315,Player,1
734048,320,Player,4
734048,333,Player,4
734048,345,Player,4
734048,356,Player,4
734048,357,Player,4
734048,374,Player,4
734048,392,Player,4
734050,2,Player,3
734050,4,Player,3
734050,14,Player,7
734050,19,Player,7
734050,21,Player,3
734050,35,Player,3
734050,50,Player,7
734050,73,Player,3
734050,131,Player,7
734050,147,Player,3
734050,201,Player,3
734050,208,Player,7
734050,221,Player,7
734050,303,Player,3
734050,359,Player,3
734050,364,Player,3
734050,372,Player,7
734050,375,Player,7
734050,383,Player,7
734052,2,Player,3
734052,4,Player,3
734052,21,Player,3
734052,35,Player,3
734052,41,Player,4
734052,73,Player,3
734052,147,Player,3
734052,201,Player,3
734052,303,Player,3
734052,305,Player,4
734052,320,Player,4
734052,333,Player,4
734052,345,Player,4
734052,357,Player,4
734052,359,Player,3
734052,364,Player,3
734052,367,Player,4
734052,374,Player,4
734052,392,Player,4
734054,31,Player,1
734054,41,Player,4
734054,67,Player,1
734054,96,Player,1
734054,151,Player,4
734054,190,Player,1
734054,232,Player,1
734054,276,Player,1
734054,284,Player,1
734054,305,Player,4
734054,308,Player,1
734054,315,Player,1
734054,320,Player,4
734054,333,Player,4
734054,345,Player,4
734054,357,Player,4
734054,374,Player,4
734054,392,Player,4
829710,31,Player,1
829710,50,Player,7
829710,67,Player,1
829710,81,Player,7
829710,96,Player,1
829710,131,Player,7
829710,190,Player,1
829710,194,Player,7
829710,208,Player,7
829710,221,Player,7
829710,232,Player,1
829710,254,Player,7
829710,276,Player,1
829710,308,Player,1
829710,315,Player,1
829710,334,Player,1
829710,372,Player,7
829710,375,Player,7
829712,2,Player,3
829712,21,Player,3
829712,27,Player,6
829712,35,Player,3
829712,71,Player,3
829712,73,Player,3
829712,109,Player,6
829712,136,Player,6
829712,147,Player,3
829712,201,Player,3
829712,237,Player,6
829712,260,Player,6
829712,303,Player,3
829712,359,Player,3
829712,364,Player,3
829712,371,Player,6
829712,386,Player,6
829712,393,Player,6
829712,404,Player,6
829714,41,Player,4
829714,80,Player,5
829714,85,Player,5
829714,185,Player,4
829714,255,Player,5
829714,305,Player,4
829714,310,Player,5
829714,320,Player,4
829714,339,Player,5
829714,350,Player,5
829714,357,Player,4
829714,367,Player,4
829714,370,Player,5
829714,374,Player,4
829714,377,Player,5
829714,392,Player,4
829714,394,Player,5
829714,395,Player,4
829716,2,Player,3
829716,21,Player,3
829716,35,Player,3
829716,42,Player,11
829716,71,Player,3
829716,73,Player,3
829716,84,Player,11
829716,147,Player,3
829716,161,Player,11
829716,166,Player,11
829716,201,Player,3
829716,299,Player,11
829716,303,Player,3
829716,354,Player,11
829716,359,Player,3
829716,364,Player,3
829716,366,Player,11
829716,396,Player,11
829716,458,Player,11
829718,31,Player,1
829718,67,Player,1
829718,96,Player,1
829718,110,Player,2
829718,162,Player,2
829718,190,Player,1
829718,236,Player,2
829718,246,Player,2
829718,276,Player,1
829718,296,Player,2
829718,308,Player,1
829718,311,Player,2
829718,315,Player,1
829718,334,Player,1
829718,362,Player,2
829718,382,Player,2
829718,397,Player,2
829718,422,Player,1
829720,27,Player,6
829720,80,Player,5
829720,85,Player,5
829720,87,Player,6
829720,136,Player,6
829720,191,Player,6
829720,255,Player,5
829720,260,Player,6
829720,310,Player,5
829720,339,Player,5
829720,346,Player,6
829720,350,Player,5
829720,370,Player,5
829720,371,Player,6
829720,377,Player,5
829720,386,Player,6
829720,393,Player,6
829720,394,Player,5
829722,41,Player,4
829722,50,Player,7
829722,81,Player,7
829722,185,Player,4
829722,194,Player,7
829722,208,Player,7
829722,221,Player,7
829722,254,Player,7
829722,305,Player,4
829722,320,Player,4
829722,356,Player,4
829722,357,Player,4
829722,367,Player,4
829722,372,Player,7
829722,374,Player,4
829722,395,Player,4
829722,398,Player,7
829722,453,Player,7
829724,14,Player,11
829724,42,Player,11
829724,110,Player,2
829724,161,Player,11
829724,162,Player,2
829724,166,Player,11
829724,236,Player,2
829724,246,Player,2
829724,296,Player,2
829724,299,Player,11
829724,311,Player,2
829724,325,Player,11
829724,354,Player,11
829724,362,Player,2
829724,382,Player,2
829724,396,Player,11
829724,397,Player,2
829724,458,Player,11
829726,80,Player,5
829726,81,Player,7
829726,85,Player,5
829726,194,Player,7
829726,221,Player,7
829726,254,Player,7
829726,255,Player,5
829726,262,Player,7
829726,310,Player,5
829726,339,Player,5
829726,350,Player,5
829726,370,Player,5
829726,372,Player,7
829726,377,Player,5
829726,388,Player,7
829726,394,Player,5
829726,398,Player,7
829726,453,Player,7
829728,2,Player,3
829728,21,Player,3
829728,31,Player,1
829728,35,Player,3
829728,67,Player,1
829728,71,Player,3
829728,73,Player,3
829728,96,Player,1
829728,147,Player,3
829728,232,Player,1
829728,284,Player,1
829728,303,Player,3
829728,308,Player,1
829728,316,Player,1
829728,322,Player,3
829728,334,Player,1
829728,364,Player,3
829728,399,Player,3
829728,405,Player,1
829730,27,Player,6
829730,41,Player,4
829730,87,Player,6
829730,136,Player,6
829730,185,Player,4
829730,191,Player,6
829730,260,Player,6
829730,305,Player,4
829730,320,Player,4
829730,356,Player,4
829730,357,Player,4
829730,367,Player,4
829730,371,Player,6
829730,374,Player,4
829730,386,Player,6
829730,393,Player,6
829730,395,Player,4
829730,404,Player,6
829732,14,Player,11
829732,42,Player,11
829732,80,Player,5
829732,85,Player,5
829732,161,Player,11
829732,166,Player,11
829732,216,Player,11
829732,255,Player,5
829732,299,Player,11
829732,310,Player,5
829732,325,Player,11
829732,339,Player,5
829732,350,Player,5
829732,354,Player,11
829732,370,Player,5
829732,377,Player,5
829732,394,Player,5
829732,458,Player,11
829734,2,Player,3
829734,21,Player,3
829734,35,Player,3
829734,50,Player,7
829734,71,Player,3
829734,73,Player,3
829734,81,Player,7
829734,147,Player,3
829734,194,Player,7
829734,201,Player,3
829734,208,Player,7
829734,221,Player,7
829734,303,Player,3
829734,359,Player,3
829734,364,Player,3
829734,372,Player,7
829734,383,Player,7
829734,398,Player,7
829734,453,Player,7
829736,14,Player,11
829736,27,Player,6
829736,42,Player,11
829736,87,Player,6
829736,94,Player,11
829736,136,Player,6
829736,161,Player,11
829736,166,Player,11
829736,191,Player,6
829736,216,Player,11
829736,260,Player,6
829736,299,Player,11
829736,325,Player,11
829736,354,Player,11
829736,371,Player,6
829736,386,Player,6
829736,393,Player,6
829736,404,Player,6
829738,31,Player,1
829738,41,Player,4
829738,67,Player,1
829738,96,Player,1
829738,185,Player,4
829738,190,Player,1
829738,232,Player,1
829738,280,Player,4
829738,284,Player,1
829738,305,Player,4
829738,308,Player,1
829738,315,Player,1
829738,329,Player,4
829738,334,Player,1
829738,357,Player,4
829738,367,Player,4
829738,374,Player,4
829738,395,Player,4
829740,2,Player,3
829740,21,Player,3
829740,35,Player,3
829740,71,Player,3
829740,73,Player,3
829740,85,Player,5
829740,147,Player,3
829740,201,Player,3
829740,255,Player,5
829740,303,Player,3
829740,306,Player,5
829740,310,Player,5
829740,314,Player,5
829740,339,Player,5
829740,350,Player,5
829740,359,Player,3
829740,364,Player,3
829740,370,Player,5
829740,394,Player,5
829742,50,Player,7
829742,110,Player,2
829742,140,Player,2
829742,162,Player,2
829742,194,Player,7
829742,208,Player,7
829742,214,Player,2
829742,221,Player,7
829742,246,Player,2
829742,262,Player,7
829742,296,Player,2
829742,375,Player,7
829742,380,Player,2
829742,382,Player,2
829742,383,Player,7
829742,400,Player,7
829742,401,Player,2
829742,403,Player,7
829744,27,Player,6
829744,31,Player,1
829744,67,Player,1
829744,87,Player,6
829744,96,Player,1
829744,136,Player,6
829744,190,Player,1
829744,191,Player,6
829744,232,Player,1
829744,260,Player,6
829744,284,Player,1
829744,308,Player,1
829744,315,Player,1
829744,334,Player,1
829744,371,Player,6
829744,386,Player,6
829744,393,Player,6
829744,404,Player,6
829748,14,Player,11
829748,31,Player,1
829748,42,Player,11
829748,67,Player,1
829748,94,Player,11
829748,96,Player,1
829748,161,Player,11
829748,163,Player,11
829748,166,Player,11
829748,190,Player,1
829748,192,Player,1
829748,228,Player,11
829748,232,Player,1
829748,299,Player,11
829748,308,Player,1
829748,315,Player,1
829748,334,Player,1
829748,354,Player,11
829750,2,Player,3
829750,21,Player,3
829750,35,Player,3
829750,71,Player,3
829750,73,Player,3
829750,110,Player,2
829750,140,Player,2
829750,147,Player,3
829750,201,Player,3
829750,214,Player,2
829750,303,Player,3
829750,311,Player,2
829750,359,Player,3
829750,364,Player,3
829750,378,Player,2
829750,380,Player,2
829750,382,Player,2
829750,401,Player,2
829750,402,Player,2
829752,27,Player,6
829752,50,Player,7
829752,136,Player,6
829752,191,Player,6
829752,194,Player,7
829752,208,Player,7
829752,221,Player,7
829752,260,Player,6
829752,262,Player,7
829752,293,Player,6
829752,371,Player,6
829752,375,Player,7
829752,383,Player,7
829752,386,Player,6
829752,393,Player,6
829752,400,Player,7
829752,403,Player,7
829752,404,Player,6
829754,80,Player,5
829754,85,Player,5
829754,110,Player,2
829754,140,Player,2
829754,162,Player,2
829754,236,Player,2
829754,255,Player,5
829754,306,Player,5
829754,310,Player,5
829754,311,Player,2
829754,339,Player,5
829754,350,Player,5
829754,370,Player,5
829754,378,Player,2
829754,382,Player,2
829754,394,Player,5
829754,401,Player,2
829754,402,Player,2
829756,14,Player,11
829756,42,Player,11
829756,50,Player,7
829756,81,Player,7
829756,94,Player,11
829756,161,Player,11
829756,166,Player,11
829756,194,Player,7
829756,208,Player,7
829756,221,Player,7
829756,262,Player,7
829756,299,Player,11
829756,340,Player,11
829756,354,Player,11
829756,383,Player,7
829756,398,Player,7
829756,403,Player,7
829756,458,Player,11
829758,2,Player,3
829758,21,Player,3
829758,35,Player,3
829758,41,Player,4
829758,71,Player,3
829758,73,Player,3
829758,100,Player,4
829758,147,Player,3
829758,185,Player,4
829758,201,Player,3
829758,303,Player,3
829758,320,Player,4
829758,357,Player,4
829758,359,Player,3
829758,364,Player,3
829758,367,Player,4
829758,374,Player,4
829758,392,Player,4
829758,395,Player,4
829762,27,Player,6
829762,110,Player,2
829762,136,Player,6
829762,140,Player,2
829762,154,Player,6
829762,162,Player,2
829762,191,Player,6
829762,236,Player,2
829762,260,Player,6
829762,293,Player,6
829762,296,Player,2
829762,311,Player,2
829762,371,Player,6
829762,378,Player,2
829762,386,Player,6
829762,393,Player,6
829762,401,Player,2
829762,402,Player,2
829762,404,Player,6
829764,14,Player,11
829764,42,Player,11
829764,100,Player,4
829764,161,Player,11
829764,163,Player,11
829764,166,Player,11
829764,185,Player,4
829764,299,Player,11
829764,320,Player,4
829764,325,Player,11
829764,340,Player,11
829764,345,Player,4
829764,356,Player,4
829764,357,Player,4
829764,367,Player,4
829764,374,Player,4
829764,395,Player,4
829764,458,Player,11
829766,15,Player,6
829766,27,Player,6
829766,31,Player,1
829766,67,Player,1
829766,79,Player,6
829766,87,Player,6
829766,96,Player,1
829766,109,Player,6
829766,136,Player,6
829766,191,Player,6
829766,192,Player,1
829766,232,Player,1
829766,308,Player,1
829766,315,Player,1
829766,316,Player,1
829766,334,Player,1
829766,386,Player,6
829766,393,Player,6
829770,2,Player,3
829770,21,Player,3
829770,31,Player,1
829770,35,Player,3
829770,67,Player,1
829770,71,Player,3
829770,73,Player,3
829770,96,Player,1
829770,147,Player,3
829770,201,Player,3
829770,232,Player,1
829770,284,Player,1
829770,303,Player,3
829770,308,Player,1
829770,316,Player,1
829770,334,Player,1
829770,359,Player,3
829770,364,Player,3
829770,405,Player,1
829772,15,Player,6
829772,27,Player,6
829772,41,Player,4
829772,79,Player,6
829772,100,Player,4
829772,136,Player,6
829772,191,Player,6
829772,260,Player,6
829772,280,Player,4
829772,320,Player,4
829772,345,Player,4
829772,367,Player,4
829772,371,Player,6
829772,374,Player,4
829772,386,Player,6
829772,393,Player,6
829772,395,Player,4
829772,406,Player,4
829774,50,Player,7
829774,80,Player,5
829774,81,Player,7
829774,85,Player,5
829774,194,Player,7
829774,208,Player,7
829774,221,Player,7
829774,233,Player,5
829774,255,Player,5
829774,262,Player,7
829774,306,Player,5
829774,314,Player,5
829774,339,Player,5
829774,377,Player,5
829774,383,Player,7
829774,394,Player,5
829774,398,Player,7
829774,403,Player,7
829776,31,Player,1
829776,67,Player,1
829776,96,Player,1
829776,110,Player,2
829776,162,Player,2
829776,232,Player,1
829776,236,Player,2
829776,284,Player,1
829776,296,Player,2
829776,308,Player,1
829776,311,Player,2
829776,316,Player,1
829776,334,Player,1
829776,378,Player,2
829776,382,Player,2
829776,401,Player,2
829776,402,Player,2
829776,405,Player,1
829778,2,Player,3
829778,14,Player,11
829778,21,Player,3
829778,35,Player,3
829778,42,Player,11
829778,71,Player,3
829778,73,Player,3
829778,147,Player,3
829778,163,Player,11
829778,166,Player,11
829778,216,Player,11
829778,299,Player,11
829778,303,Player,3
829778,322,Player,3
829778,325,Player,11
829778,340,Player,11
829778,364,Player,3
829778,399,Player,3
829778,458,Player,11
829780,41,Player,4
829780,50,Player,7
829780,81,Player,7
829780,185,Player,4
829780,194,Player,7
829780,208,Player,7
829780,221,Player,7
829780,262,Player,7
829780,305,Player,4
829780,320,Player,4
829780,357,Player,4
829780,367,Player,4
829780,374,Player,4
829780,383,Player,7
829780,392,Player,4
829780,395,Player,4
829780,398,Player,7
829780,403,Player,7
829782,15,Player,6
829782,27,Player,6
829782,79,Player,6
829782,80,Player,5
829782,85,Player,5
829782,89,Player,5
829782,136,Player,6
829782,191,Player,6
829782,255,Player,5
829782,260,Player,6
829782,306,Player,5
829782,310,Player,5
829782,339,Player,5
829782,371,Player,6
829782,377,Player,5
829782,393,Player,6
829782,394,Player,5
829782,459,Player,6
829784,2,Player,3
829784,21,Player,3
829784,35,Player,3
829784,71,Player,3
829784,73,Player,3
829784,110,Player,2
829784,140,Player,2
829784,147,Player,3
829784,236,Player,2
829784,303,Player,3
829784,311,Player,2
829784,322,Player,3
829784,359,Player,3
829784,364,Player,3
829784,373,Player,2
829784,378,Player,2
829784,382,Player,2
829784,401,Player,2
829784,402,Player,2
829786,14,Player,11
829786,31,Player,1
829786,42,Player,11
829786,67,Player,1
829786,94,Player,11
829786,96,Player,1
829786,163,Player,11
829786,166,Player,11
829786,192,Player,1
829786,216,Player,11
829786,228,Player,11
829786,232,Player,1
829786,284,Player,1
829786,299,Player,11
829786,308,Player,1
829786,316,Player,1
829786,334,Player,1
829786,340,Player,11
829788,15,Player,6
829788,27,Player,6
829788,50,Player,7
829788,79,Player,6
829788,81,Player,7
829788,136,Player,6
829788,191,Player,6
829788,194,Player,7
829788,208,Player,7
829788,221,Player,7
829788,260,Player,6
829788,371,Player,6
829788,383,Player,7
829788,386,Player,6
829788,393,Player,6
829788,398,Player,7
829788,400,Player,7
829788,403,Player,7
829790,110,Player,2
829790,162,Player,2
829790,185,Player,4
829790,236,Player,2
829790,270,Player,2
829790,305,Player,4
829790,311,Player,2
829790,320,Player,4
829790,345,Player,4
829790,357,Player,4
829790,367,Player,4
829790,374,Player,4
829790,378,Player,2
829790,382,Player,2
829790,392,Player,4
829790,395,Player,4
829790,401,Player,2
829790,402,Player,2
829792,14,Player,11
829792,42,Player,11
829792,80,Player,5
829792,84,Player,11
829792,85,Player,5
829792,161,Player,11
829792,163,Player,11
829792,166,Player,11
829792,216,Player,11
829792,255,Player,5
829792,299,Player,11
829792,306,Player,5
829792,310,Player,5
829792,339,Player,5
829792,340,Player,11
829792,350,Player,5
829792,370,Player,5
829792,394,Player,5
829794,2,Player,3
829794,21,Player,3
829794,35,Player,3
829794,50,Player,7
829794,71,Player,3
829794,73,Player,3
829794,81,Player,7
829794,147,Player,3
829794,201,Player,3
829794,208,Player,7
829794,221,Player,7
829794,303,Player,3
829794,322,Player,3
829794,364,Player,3
829794,383,Player,7
829794,389,Player,7
829794,398,Player,7
829794,400,Player,7
829794,403,Player,7
829796,31,Player,1
829796,67,Player,1
829796,96,Player,1
829796,185,Player,4
829796,192,Player,1
829796,232,Player,1
829796,305,Player,4
829796,308,Player,1
829796,315,Player,1
829796,316,Player,1
829796,320,Player,4
829796,329,Player,4
829796,334,Player,1
829796,345,Player,4
829796,367,Player,4
829796,374,Player,4
829796,387,Player,4
829796,395,Player,4
829798,14,Player,11
829798,15,Player,6
829798,27,Player,6
829798,42,Player,11
829798,79,Player,6
829798,84,Player,11
829798,109,Player,6
829798,136,Player,6
829798,161,Player,11
829798,163,Player,11
829798,166,Player,11
829798,216,Player,11
829798,237,Player,6
829798,299,Player,11
829798,366,Player,11
829798,371,Player,6
829798,393,Player,6
829798,425,Player,6
829800,50,Player,7
829800,110,Player,2
829800,162,Player,2
829800,194,Player,7
829800,208,Player,7
829800,221,Player,7
829800,236,Player,2
829800,270,Player,2
829800,311,Player,2
829800,375,Player,7
829800,378,Player,2
829800,382,Player,2
829800,383,Player,7
829800,398,Player,7
829800,400,Player,7
829800,401,Player,2
829800,402,Player,2
829800,403,Player,7
829802,2,Player,3
829802,21,Player,3
829802,32,Player,5
829802,35,Player,3
829802,71,Player,3
829802,73,Player,3
829802,85,Player,5
829802,89,Player,5
829802,147,Player,3
829802,201,Player,3
829802,303,Player,3
829802,310,Player,5
829802,314,Player,5
829802,322,Player,3
829802,339,Player,5
829802,350,Player,5
829802,364,Player,3
829802,370,Player,5
829802,394,Player,5
829804,42,Player,11
829804,84,Player,11
829804,163,Player,11
829804,166,Player,11
829804,185,Player,4
829804,216,Player,11
829804,228,Player,11
829804,299,Player,11
829804,305,Player,4
829804,320,Player,4
829804,329,Player,4
829804,345,Player,4
829804,354,Player,11
829804,367,Player,4
829804,374,Player,4
829804,387,Player,4
829804,395,Player,4
829804,458,Player,11
829806,2,Player,3
829806,15,Player,6
829806,21,Player,3
829806,27,Player,6
829806,35,Player,3
829806,71,Player,3
829806,79,Player,6
829806,109,Player,6
829806,147,Player,3
829806,201,Player,3
829806,237,Player,6
829806,293,Player,6
829806,303,Player,3
829806,322,Player,3
829806,359,Player,3
829806,364,Player,3
829806,393,Player,6
829806,425,Player,6
829806,459,Player,6
829808,110,Player,2
829808,162,Player,2
829808,236,Player,2
829808,270,Player,2
829808,305,Player,4
829808,311,Player,2
829808,320,Player,4
829808,329,Player,4
829808,345,Player,4
829808,356,Player,4
829808,367,Player,4
829808,374,Player,4
829808,378,Player,2
829808,382,Player,2
829808,387,Player,4
829808,395,Player,4
829808,401,Player,2
829808,402,Player,2
829810,31,Player,1
829810,50,Player,7
829810,67,Player,1
829810,81,Player,7
829810,96,Player,1
829810,190,Player,1
829810,194,Player,7
829810,208,Player,7
829810,221,Player,7
829810,232,Player,1
829810,276,Player,1
829810,308,Player,1
829810,315,Player,1
829810,334,Player,1
829810,383,Player,7
829810,398,Player,7
829810,400,Player,7
829810,403,Player,7
829812,14,Player,11
829812,42,Player,11
829812,94,Player,11
829812,106,Player,2
829812,110,Player,2
829812,162,Player,2
829812,163,Player,11
829812,166,Player,11
829812,216,Player,11
829812,228,Player,11
829812,236,Player,2
829812,299,Player,11
829812,311,Player,2
829812,354,Player,11
829812,378,Player,2
829812,382,Player,2
829812,401,Player,2
829812,402,Player,2
829814,2,Player,3
829814,19,Player,3
829814,21,Player,3
829814,35,Player,3
829814,71,Player,3
829814,73,Player,3
829814,201,Player,3
829814,303,Player,3
829814,305,Player,4
829814,320,Player,4
829814,322,Player,3
829814,329,Player,4
829814,345,Player,4
829814,356,Player,4
829814,359,Player,3
829814,367,Player,4
829814,374,Player,4
829814,387,Player,4
829814,395,Player,4
829816,31,Player,1
829816,32,Player,5
829816,67,Player,1
829816,80,Player,5
829816,85,Player,5
829816,96,Player,1
829816,190,Player,1
829816,232,Player,1
829816,255,Player,5
829816,276,Player,1
829816,308,Player,1
829816,310,Player,5
829816,321,Player,1
829816,334,Player,1
829816,339,Player,5
829816,350,Player,5
981024,460,Player,11
335987,2,Player,1
335987,3,Player,1
335987,4,Player,1
335987,5,Player,1
335987,7,Player,2
335987,8,Player,2
335987,9,Player,2
335987,10,Player,2
335987,12,Player,2
335987,13,Player,2
335987,14,Player,2
335987,15,Player,2
335987,16,Player,2
335987,63,Player,1
335987,82,Player,1
335987,83,Player,1
335987,84,Player,1
335987,106,Player,1
335988,17,Player,3
335988,18,Player,3
335988,19,Player,3
335988,21,Player,3
335988,22,Player,3
335988,23,Player,3
335988,24,Player,4
335988,25,Player,4
335988,28,Player,4
335988,29,Player,4
335988,66,Player,4
335988,67,Player,4
335988,68,Player,4
335988,77,Player,4
335988,119,Player,3
335988,120,Player,3
335988,121,Player,3
335988,435,Player,3
335988,466,Player,4
335989,30,Player,5
335989,31,Player,5
335989,32,Player,5
335989,33,Player,5
335989,34,Player,5
335989,35,Player,5
335989,37,Player,5
335989,39,Player,5
335989,40,Player,6
335989,42,Player,6
335989,87,Player,6
335989,89,Player,6
335989,90,Player,6
335989,118,Player,6
335989,126,Player,5
335989,171,Player,6
335989,175,Player,6
335989,436,Player,6
335990,8,Player,2
335990,9,Player,2
335990,12,Player,2
335990,14,Player,2
335990,15,Player,2
335990,16,Player,2
335990,44,Player,7
335990,45,Player,7
335990,46,Player,7
335990,47,Player,7
335990,48,Player,7
335990,49,Player,7
335990,51,Player,2
335990,52,Player,2
335990,72,Player,7
335990,73,Player,7
335990,80,Player,7
335990,81,Player,2
335991,2,Player,1
335991,3,Player,1
335991,4,Player,1
335991,5,Player,1
335991,54,Player,8
335991,56,Player,8
335991,57,Player,8
335991,58,Player,8
335991,59,Player,8
335991,60,Player,8
335991,61,Player,8
335991,63,Player,1
335991,82,Player,1
335991,83,Player,1
335991,84,Player,1
335991,106,Player,1
335991,131,Player,8
335991,232,Player,8
335992,24,Player,4
335992,25,Player,4
335992,29,Player,4
335992,31,Player,5
335992,32,Player,5
335992,33,Player,5
335992,34,Player,5
335992,35,Player,5
335992,37,Player,5
335992,39,Player,5
335992,64,Player,4
335992,65,Player,4
335992,66,Player,4
335992,67,Player,4
335992,68,Player,4
335992,75,Player,5
335992,77,Player,4
335992,126,Player,5
335993,40,Player,6
335993,42,Player,6
335993,54,Player,8
335993,56,Player,8
335993,57,Player,8
335993,59,Player,8
335993,60,Player,8
335993,61,Player,8
335993,70,Player,8
335993,86,Player,6
335993,87,Player,6
335993,89,Player,6
335993,90,Player,6
335993,91,Player,6
335993,117,Player,6
335993,118,Player,6
335993,131,Player,8
335993,232,Player,8
335994,17,Player,3
335994,18,Player,3
335994,19,Player,3
335994,21,Player,3
335994,22,Player,3
335994,23,Player,3
335994,44,Player,7
335994,46,Player,7
335994,48,Player,7
335994,49,Player,7
335994,71,Player,7
335994,72,Player,7
335994,73,Player,7
335994,80,Player,7
335994,119,Player,3
335994,120,Player,3
335994,121,Player,3
335994,150,Player,7
335994,435,Player,3
335995,31,Player,5
335995,32,Player,5
335995,33,Player,5
335995,35,Player,5
335995,37,Player,5
335995,39,Player,5
335995,56,Player,8
335995,57,Player,8
335995,59,Player,8
335995,60,Player,8
335995,61,Player,8
335995,70,Player,8
335995,74,Player,5
335995,75,Player,5
335995,99,Player,8
335995,126,Player,5
335995,131,Player,8
335995,232,Player,8
335996,24,Player,4
335996,29,Player,4
335996,44,Player,7
335996,46,Player,7
335996,48,Player,7
335996,49,Player,7
335996,64,Player,4
335996,65,Player,4
335996,66,Player,4
335996,67,Player,4
335996,71,Player,7
335996,72,Player,7
335996,73,Player,7
335996,76,Player,4
335996,77,Player,4
335996,78,Player,4
335996,79,Player,7
335996,80,Player,7
335997,8,Player,2
335997,9,Player,2
335997,14,Player,2
335997,15,Player,2
335997,16,Player,2
335997,31,Player,5
335997,32,Player,5
335997,33,Player,5
335997,35,Player,5
335997,37,Player,5
335997,39,Player,5
335997,51,Player,2
335997,52,Player,2
335997,74,Player,5
335997,81,Player,2
335997,102,Player,5
335997,124,Player,2
335997,126,Player,5
335998,3,Player,1
335998,4,Player,1
335998,5,Player,1
335998,17,Player,3
335998,18,Player,3
335998,19,Player,3
335998,21,Player,3
335998,22,Player,3
335998,23,Player,3
335998,62,Player,1
335998,63,Player,1
335998,82,Player,1
335998,83,Player,1
335998,84,Player,1
335998,106,Player,1
335998,119,Player,3
335998,120,Player,3
335998,121,Player,3
335998,435,Player,3
335999,44,Player,7
335999,46,Player,7
335999,48,Player,7
335999,56,Player,8
335999,57,Player,8
335999,59,Player,8
335999,61,Player,8
335999,70,Player,8
335999,71,Player,7
335999,72,Player,7
335999,73,Player,7
335999,80,Player,7
335999,85,Player,7
335999,98,Player,8
335999,99,Player,8
335999,131,Player,8
335999,148,Player,7
335999,232,Player,8
336000,24,Player,4
336000,28,Player,4
336000,29,Player,4
336000,40,Player,6
336000,42,Player,6
336000,64,Player,4
336000,66,Player,4
336000,67,Player,4
336000,77,Player,4
336000,78,Player,4
336000,86,Player,6
336000,87,Player,6
336000,89,Player,6
336000,90,Player,6
336000,91,Player,6
336000,92,Player,4
336000,117,Player,6
336000,118,Player,6
336001,7,Player,2
336001,8,Player,2
336001,9,Player,2
336001,12,Player,2
336001,14,Player,2
336001,15,Player,2
336001,17,Player,3
336001,18,Player,3
336001,19,Player,3
336001,21,Player,3
336001,22,Player,3
336001,23,Player,3
336001,52,Player,2
336001,93,Player,2
336001,94,Player,2
336001,109,Player,3
336001,119,Player,3
336001,120,Player,3
336001,435,Player,3
336002,3,Player,1
336002,4,Player,1
336002,5,Player,1
336002,44,Player,7
336002,46,Player,7
336002,48,Player,7
336002,63,Player,1
336002,71,Player,7
336002,73,Player,7
336002,80,Player,7
336002,82,Player,1
336002,83,Player,1
336002,84,Player,1
336002,85,Player,7
336002,95,Player,1
336002,96,Player,7
336002,106,Player,1
336002,149,Player,7
336003,7,Player,2
336003,8,Player,2
336003,9,Player,2
336003,14,Player,2
336003,15,Player,2
336003,16,Player,2
336003,40,Player,6
336003,42,Player,6
336003,52,Player,2
336003,81,Player,2
336003,86,Player,6
336003,87,Player,6
336003,89,Player,6
336003,91,Player,6
336003,94,Player,2
336003,117,Player,6
336003,118,Player,6
336003,175,Player,6
336004,24,Player,4
336004,29,Player,4
336004,54,Player,8
336004,57,Player,8
336004,59,Player,8
336004,61,Player,8
336004,64,Player,4
336004,67,Player,4
336004,70,Player,8
336004,76,Player,4
336004,77,Player,4
336004,78,Player,4
336004,97,Player,8
336004,98,Player,8
336004,99,Player,8
336004,100,Player,4
336004,131,Player,8
336004,437,Player,4
336005,4,Player,1
336005,31,Player,5
336005,32,Player,5
336005,33,Player,5
336005,35,Player,5
336005,39,Player,5
336005,63,Player,1
336005,74,Player,5
336005,82,Player,1
336005,84,Player,1
336005,95,Player,1
336005,101,Player,5
336005,102,Player,5
336005,103,Player,1
336005,104,Player,1
336005,105,Player,1
336005,106,Player,1
336005,126,Player,5
336006,17,Player,3
336006,21,Player,3
336006,23,Player,3
336006,40,Player,6
336006,42,Player,6
336006,86,Player,6
336006,89,Player,6
336006,91,Player,6
336006,107,Player,3
336006,108,Player,3
336006,109,Player,3
336006,110,Player,6
336006,116,Player,6
336006,117,Player,6
336006,118,Player,6
336006,119,Player,3
336006,120,Player,3
336006,121,Player,3
336006,122,Player,3
336007,7,Player,2
336007,8,Player,2
336007,9,Player,2
336007,10,Player,2
336007,12,Player,2
336007,54,Player,8
336007,57,Player,8
336007,59,Player,8
336007,60,Player,8
336007,61,Player,8
336007,81,Player,2
336007,94,Player,2
336007,97,Player,8
336007,111,Player,8
336007,112,Player,8
336007,113,Player,2
336007,124,Player,2
336007,143,Player,8
336007,232,Player,8
336008,4,Player,1
336008,5,Player,1
336008,24,Player,4
336008,25,Player,4
336008,29,Player,4
336008,63,Player,1
336008,64,Player,4
336008,67,Player,4
336008,77,Player,4
336008,78,Player,4
336008,82,Player,1
336008,84,Player,1
336008,95,Player,1
336008,100,Player,4
336008,104,Player,1
336008,105,Player,1
336008,106,Player,1
336008,437,Player,4
336009,40,Player,6
336009,42,Player,6
336009,44,Player,7
336009,45,Player,7
336009,46,Player,7
336009,48,Player,7
336009,71,Player,7
336009,73,Player,7
336009,79,Player,7
336009,80,Player,7
336009,86,Player,6
336009,89,Player,6
336009,91,Player,6
336009,110,Player,6
336009,115,Player,7
336009,116,Player,6
336009,117,Player,6
336009,118,Player,6
336010,17,Player,3
336010,21,Player,3
336010,23,Player,3
336010,31,Player,5
336010,32,Player,5
336010,33,Player,5
336010,35,Player,5
336010,39,Player,5
336010,74,Player,5
336010,101,Player,5
336010,102,Player,5
336010,107,Player,3
336010,108,Player,3
336010,109,Player,3
336010,119,Player,3
336010,120,Player,3
336010,121,Player,3
336010,122,Player,3
336010,126,Player,5
336011,7,Player,2
336011,8,Player,2
336011,9,Player,2
336011,10,Player,2
336011,14,Player,2
336011,15,Player,2
336011,25,Player,4
336011,29,Player,4
336011,64,Player,4
336011,67,Player,4
336011,76,Player,4
336011,77,Player,4
336011,78,Player,4
336011,94,Player,2
336011,100,Player,4
336011,113,Player,2
336011,124,Player,2
336011,437,Player,4
336012,17,Player,3
336012,21,Player,3
336012,23,Player,3
336012,54,Player,8
336012,57,Player,8
336012,58,Player,8
336012,59,Player,8
336012,61,Player,8
336012,70,Player,8
336012,97,Player,8
336012,107,Player,3
336012,109,Player,3
336012,119,Player,3
336012,120,Player,3
336012,121,Player,3
336012,122,Player,3
336012,125,Player,3
336012,131,Player,8
336012,143,Player,8
336012,232,Player,8
336013,31,Player,5
336013,32,Player,5
336013,33,Player,5
336013,35,Player,5
336013,39,Player,5
336013,44,Player,7
336013,45,Player,7
336013,46,Player,7
336013,48,Player,7
336013,71,Player,7
336013,73,Player,7
336013,74,Player,5
336013,79,Player,7
336013,80,Player,7
336013,101,Player,5
336013,102,Player,5
336013,115,Player,7
336013,126,Player,5
336014,21,Player,3
336014,23,Player,3
336014,40,Player,6
336014,42,Player,6
336014,86,Player,6
336014,87,Player,6
336014,91,Player,6
336014,107,Player,3
336014,108,Player,3
336014,109,Player,3
336014,110,Player,6
336014,116,Player,6
336014,117,Player,6
336014,118,Player,6
336014,120,Player,3
336014,121,Player,3
336014,127,Player,3
336014,151,Player,3
336014,435,Player,3
336015,4,Player,1
336015,8,Player,2
336015,10,Player,2
336015,14,Player,2
336015,15,Player,2
336015,51,Player,2
336015,63,Player,1
336015,81,Player,2
336015,83,Player,1
336015,84,Player,1
336015,94,Player,2
336015,104,Player,1
336015,105,Player,1
336015,106,Player,1
336015,124,Player,2
336015,128,Player,1
336015,129,Player,1
336015,130,Player,2
336016,31,Player,5
336016,32,Player,5
336016,33,Player,5
336016,35,Player,5
336016,39,Player,5
336016,54,Player,8
336016,57,Player,8
336016,58,Player,8
336016,59,Player,8
336016,61,Player,8
336016,70,Player,8
336016,74,Player,5
336016,97,Player,8
336016,102,Player,5
336016,112,Player,8
336016,126,Player,5
336016,131,Player,8
336016,138,Player,5
336016,143,Player,8
336017,8,Player,2
336017,10,Player,2
336017,11,Player,2
336017,12,Player,2
336017,14,Player,2
336017,44,Player,7
336017,46,Player,7
336017,48,Player,7
336017,49,Player,7
336017,73,Player,7
336017,80,Player,7
336017,81,Player,2
336017,94,Player,2
336017,96,Player,7
336017,113,Player,2
336017,124,Player,2
336017,147,Player,7
336017,149,Player,7
336018,21,Player,3
336018,23,Player,3
336018,24,Player,4
336018,25,Player,4
336018,29,Player,4
336018,64,Player,4
336018,67,Player,4
336018,76,Player,4
336018,77,Player,4
336018,78,Player,4
336018,100,Player,4
336018,107,Player,3
336018,108,Player,3
336018,109,Player,3
336018,120,Player,3
336018,121,Player,3
336018,127,Player,3
336018,151,Player,3
336018,435,Player,3
336019,4,Player,1
336019,54,Player,8
336019,57,Player,8
336019,58,Player,8
336019,59,Player,8
336019,60,Player,8
336019,61,Player,8
336019,63,Player,1
336019,83,Player,1
336019,84,Player,1
336019,97,Player,8
336019,103,Player,1
336019,105,Player,1
336019,106,Player,1
336019,112,Player,8
336019,128,Player,1
336019,129,Player,1
336019,131,Player,8
336019,143,Player,8
336020,31,Player,5
336020,32,Player,5
336020,33,Player,5
336020,35,Player,5
336020,39,Player,5
336020,40,Player,6
336020,42,Player,6
336020,74,Player,5
336020,90,Player,6
336020,91,Player,6
336020,110,Player,6
336020,116,Player,6
336020,118,Player,6
336020,126,Player,5
336020,135,Player,6
336020,136,Player,6
336020,137,Player,5
336020,138,Player,5
336021,8,Player,2
336021,10,Player,2
336021,14,Player,2
336021,15,Player,2
336021,25,Player,4
336021,29,Player,4
336021,64,Player,4
336021,67,Player,4
336021,77,Player,4
336021,78,Player,4
336021,81,Player,2
336021,92,Player,4
336021,94,Player,2
336021,100,Player,4
336021,113,Player,2
336021,124,Player,2
336021,130,Player,2
336021,139,Player,4
336022,4,Player,1
336022,40,Player,6
336022,42,Player,6
336022,63,Player,1
336022,84,Player,1
336022,87,Player,6
336022,90,Player,6
336022,91,Player,6
336022,103,Player,1
336022,106,Player,1
336022,116,Player,6
336022,118,Player,6
336022,128,Player,1
336022,129,Player,1
336022,135,Player,6
336022,136,Player,6
336022,140,Player,1
336022,144,Player,1
336023,21,Player,3
336023,23,Player,3
336023,44,Player,7
336023,45,Player,7
336023,46,Player,7
336023,48,Player,7
336023,49,Player,7
336023,71,Player,7
336023,73,Player,7
336023,80,Player,7
336023,107,Player,3
336023,108,Player,3
336023,109,Player,3
336023,115,Player,7
336023,119,Player,3
336023,120,Player,3
336023,121,Player,3
336023,127,Player,3
336023,151,Player,3
336024,25,Player,4
336024,29,Player,4
336024,31,Player,5
336024,33,Player,5
336024,36,Player,5
336024,37,Player,5
336024,39,Player,5
336024,67,Player,4
336024,68,Player,4
336024,75,Player,5
336024,77,Player,4
336024,78,Player,4
336024,100,Player,4
336024,126,Player,5
336024,138,Player,5
336024,139,Player,4
336024,141,Player,5
336024,153,Player,4
336025,40,Player,6
336025,42,Player,6
336025,54,Player,8
336025,57,Player,8
336025,58,Player,8
336025,61,Player,8
336025,70,Player,8
336025,87,Player,6
336025,89,Player,6
336025,90,Player,6
336025,97,Player,8
336025,112,Player,8
336025,117,Player,6
336025,118,Player,6
336025,131,Player,8
336025,135,Player,6
336025,136,Player,6
336025,142,Player,8
336025,143,Player,8
336026,4,Player,1
336026,5,Player,1
336026,44,Player,7
336026,45,Player,7
336026,46,Player,7
336026,48,Player,7
336026,49,Player,7
336026,63,Player,1
336026,71,Player,7
336026,73,Player,7
336026,82,Player,1
336026,84,Player,1
336026,103,Player,1
336026,106,Player,1
336026,115,Player,7
336026,128,Player,1
336026,144,Player,1
336026,467,Player,7
336027,25,Player,4
336027,29,Player,4
336027,40,Player,6
336027,42,Player,6
336027,64,Player,4
336027,67,Player,4
336027,77,Player,4
336027,78,Player,4
336027,86,Player,6
336027,89,Player,6
336027,90,Player,6
336027,100,Player,4
336027,116,Player,6
336027,118,Player,6
336027,135,Player,6
336027,136,Player,6
336027,139,Player,4
336027,153,Player,4
336028,8,Player,2
336028,9,Player,2
336028,10,Player,2
336028,14,Player,2
336028,15,Player,2
336028,31,Player,5
336028,32,Player,5
336028,33,Player,5
336028,35,Player,5
336028,39,Player,5
336028,74,Player,5
336028,101,Player,5
336028,102,Player,5
336028,113,Player,2
336028,124,Player,2
336028,126,Player,5
336028,130,Player,2
336028,145,Player,2
336029,44,Player,7
336029,45,Player,7
336029,46,Player,7
336029,47,Player,7
336029,48,Player,7
336029,54,Player,8
336029,57,Player,8
336029,61,Player,8
336029,70,Player,8
336029,71,Player,7
336029,73,Player,7
336029,98,Player,8
336029,111,Player,8
336029,112,Player,8
336029,115,Player,7
336029,131,Player,8
336029,143,Player,8
336029,146,Player,8
336029,149,Player,7
336030,4,Player,1
336030,5,Player,1
336030,17,Player,3
336030,21,Player,3
336030,23,Player,3
336030,63,Player,1
336030,82,Player,1
336030,84,Player,1
336030,95,Player,1
336030,103,Player,1
336030,106,Player,1
336030,107,Player,3
336030,108,Player,3
336030,109,Player,3
336030,120,Player,3
336030,121,Player,3
336030,122,Player,3
336030,144,Player,1
336030,151,Player,3
336031,9,Player,2
336031,10,Player,2
336031,12,Player,2
336031,14,Player,2
336031,15,Player,2
336031,40,Player,6
336031,42,Player,6
336031,89,Player,6
336031,90,Player,6
336031,91,Player,6
336031,93,Player,2
336031,94,Player,2
336031,110,Player,6
336031,113,Player,2
336031,116,Player,6
336031,118,Player,6
336031,124,Player,2
336031,135,Player,6
336032,4,Player,1
336032,5,Player,1
336032,31,Player,5
336032,32,Player,5
336032,33,Player,5
336032,35,Player,5
336032,39,Player,5
336032,63,Player,1
336032,74,Player,5
336032,82,Player,1
336032,84,Player,1
336032,95,Player,1
336032,101,Player,5
336032,102,Player,5
336032,103,Player,1
336032,105,Player,1
336032,106,Player,1
336032,126,Player,5
336033,25,Player,4
336033,29,Player,4
336033,44,Player,7
336033,46,Player,7
336033,48,Player,7
336033,49,Player,7
336033,64,Player,4
336033,67,Player,4
336033,73,Player,7
336033,77,Player,4
336033,78,Player,4
336033,92,Player,4
336033,100,Player,4
336033,139,Player,4
336033,147,Player,7
336033,148,Player,7
336033,149,Player,7
336033,150,Player,7
336034,8,Player,2
336034,9,Player,2
336034,12,Player,2
336034,14,Player,2
336034,21,Player,3
336034,23,Player,3
336034,81,Player,2
336034,94,Player,2
336034,107,Player,3
336034,108,Player,3
336034,109,Player,3
336034,113,Player,2
336034,120,Player,3
336034,121,Player,3
336034,122,Player,3
336034,124,Player,2
336034,132,Player,2
336034,151,Player,3
336036,54,Player,8
336036,57,Player,8
336036,58,Player,8
336036,59,Player,8
336036,61,Player,8
336036,64,Player,4
336036,67,Player,4
336036,77,Player,4
336036,78,Player,4
336036,92,Player,4
336036,97,Player,8
336036,100,Player,4
336036,111,Player,8
336036,112,Player,8
336036,131,Player,8
336036,139,Player,4
336036,143,Player,8
336036,153,Player,4
336036,437,Player,4
336037,40,Player,6
336037,42,Player,6
336037,44,Player,7
336037,46,Player,7
336037,48,Player,7
336037,49,Player,7
336037,73,Player,7
336037,80,Player,7
336037,87,Player,6
336037,90,Player,6
336037,91,Player,6
336037,118,Player,6
336037,135,Player,6
336037,136,Player,6
336037,147,Player,7
336037,148,Player,7
336037,436,Player,6
336037,438,Player,7
336038,21,Player,3
336038,23,Player,3
336038,30,Player,5
336038,31,Player,5
336038,33,Player,5
336038,37,Player,5
336038,74,Player,5
336038,75,Player,5
336038,101,Player,5
336038,102,Player,5
336038,107,Player,3
336038,109,Player,3
336038,120,Player,3
336038,121,Player,3
336038,122,Player,3
336038,126,Player,5
336038,151,Player,3
336038,152,Player,3
336039,7,Player,2
336039,8,Player,2
336039,9,Player,2
336039,14,Player,2
336039,15,Player,2
336039,57,Player,8
336039,58,Player,8
336039,59,Player,8
336039,61,Player,8
336039,70,Player,8
336039,93,Player,2
336039,94,Player,2
336039,97,Player,8
336039,113,Player,2
336039,124,Player,2
336039,131,Player,8
336039,143,Player,8
336039,232,Player,8
336040,4,Player,1
336040,25,Player,4
336040,29,Player,4
336040,63,Player,1
336040,64,Player,4
336040,67,Player,4
336040,77,Player,4
336040,78,Player,4
336040,84,Player,1
336040,92,Player,4
336040,95,Player,1
336040,100,Player,4
336040,103,Player,1
336040,105,Player,1
336040,106,Player,1
336040,128,Player,1
336040,153,Player,4
336040,174,Player,1
336041,31,Player,5
336041,32,Player,5
336041,33,Player,5
336041,35,Player,5
336041,39,Player,5
336041,44,Player,7
336041,46,Player,7
336041,48,Player,7
336041,49,Player,7
336041,73,Player,7
336041,75,Player,5
336041,96,Player,7
336041,101,Player,5
336041,102,Player,5
336041,115,Player,7
336041,138,Player,5
336041,147,Player,7
336041,149,Player,7
336042,21,Player,3
336042,23,Player,3
336042,54,Player,8
336042,58,Player,8
336042,61,Player,8
336042,70,Player,8
336042,97,Player,8
336042,107,Player,3
336042,109,Player,3
336042,112,Player,8
336042,120,Player,3
336042,121,Player,3
336042,122,Player,3
336042,131,Player,8
336042,142,Player,8
336042,143,Player,8
336042,151,Player,3
336042,152,Player,3
336042,232,Player,8
336043,31,Player,5
336043,32,Player,5
336043,33,Player,5
336043,35,Player,5
336043,39,Player,5
336043,40,Player,6
336043,42,Player,6
336043,74,Player,5
336043,87,Player,6
336043,90,Player,6
336043,91,Player,6
336043,101,Player,5
336043,102,Player,5
336043,117,Player,6
336043,118,Player,6
336043,126,Player,5
336043,135,Player,6
336043,136,Player,6
336044,21,Player,3
336044,23,Player,3
336044,25,Player,4
336044,29,Player,4
336044,64,Player,4
336044,67,Player,4
336044,68,Player,4
336044,77,Player,4
336044,78,Player,4
336044,100,Player,4
336044,108,Player,3
336044,109,Player,3
336044,120,Player,3
336044,121,Player,3
336044,122,Player,3
336044,127,Player,3
336044,151,Player,3
336044,153,Player,4
336045,21,Player,3
336045,23,Player,3
336045,31,Player,5
336045,32,Player,5
336045,33,Player,5
336045,35,Player,5
336045,39,Player,5
336045,101,Player,5
336045,102,Player,5
336045,108,Player,3
336045,109,Player,3
336045,120,Player,3
336045,121,Player,3
336045,122,Player,3
336045,126,Player,5
336045,127,Player,3
336045,138,Player,5
336045,151,Player,3
392186,15,Player,7
392186,18,Player,3
392186,21,Player,3
392186,22,Player,3
392186,23,Player,3
392186,42,Player,7
392186,44,Player,7
392186,48,Player,7
392186,50,Player,7
392186,71,Player,7
392186,115,Player,7
392186,119,Player,3
392186,120,Player,3
392186,154,Player,7
392186,155,Player,3
392186,156,Player,3
392186,194,Player,7
392186,201,Player,3
392187,6,Player,2
392187,8,Player,2
392187,12,Player,2
392187,14,Player,2
392187,31,Player,5
392187,35,Player,5
392187,52,Player,2
392187,74,Player,5
392187,81,Player,2
392187,94,Player,2
392187,101,Player,5
392187,124,Player,2
392187,126,Player,5
392187,137,Player,5
392187,138,Player,5
392187,157,Player,2
392187,159,Player,5
392187,160,Player,5
392188,24,Player,4
392188,29,Player,4
392188,30,Player,4
392188,40,Player,6
392188,64,Player,4
392188,67,Player,4
392188,78,Player,4
392188,87,Player,6
392188,91,Player,6
392188,110,Player,6
392188,116,Player,6
392188,135,Player,6
392188,161,Player,4
392188,175,Player,6
392188,215,Player,4
392188,223,Player,6
392188,243,Player,4
392188,439,Player,6
392189,1,Player,1
392189,54,Player,8
392189,55,Player,8
392189,57,Player,8
392189,58,Player,8
392189,61,Player,8
392189,63,Player,1
392189,82,Player,1
392189,83,Player,1
392189,84,Player,1
392189,97,Player,8
392189,104,Player,1
392189,106,Player,1
392189,112,Player,8
392189,128,Player,1
392189,131,Player,8
392189,162,Player,1
392189,163,Player,1
392189,165,Player,8
392189,256,Player,8
392190,6,Player,2
392190,8,Player,2
392190,9,Player,2
392190,14,Player,2
392190,17,Player,3
392190,18,Player,3
392190,21,Player,3
392190,23,Player,3
392190,52,Player,2
392190,81,Player,2
392190,94,Player,2
392190,109,Player,3
392190,119,Player,3
392190,120,Player,3
392190,121,Player,3
392190,124,Player,2
392190,151,Player,3
392190,155,Player,3
392190,164,Player,2
392191,1,Player,1
392191,24,Player,4
392191,29,Player,4
392191,30,Player,4
392191,63,Player,1
392191,64,Player,4
392191,67,Player,4
392191,78,Player,4
392191,83,Player,1
392191,84,Player,1
392191,104,Player,1
392191,106,Player,1
392191,128,Player,1
392191,161,Player,4
392191,162,Player,1
392191,163,Player,1
392191,170,Player,1
392191,215,Player,4
392191,243,Player,4
392193,6,Player,2
392193,8,Player,2
392193,9,Player,2
392193,14,Player,2
392193,54,Player,8
392193,55,Player,8
392193,57,Player,8
392193,58,Player,8
392193,61,Player,8
392193,94,Player,2
392193,97,Player,8
392193,112,Player,8
392193,124,Player,2
392193,131,Player,8
392193,157,Player,2
392193,164,Player,2
392193,165,Player,8
392193,166,Player,2
392193,256,Player,8
392194,17,Player,3
392194,18,Player,3
392194,21,Player,3
392194,23,Player,3
392194,40,Player,6
392194,73,Player,6
392194,87,Player,6
392194,109,Player,3
392194,110,Player,6
392194,116,Player,6
392194,119,Player,3
392194,120,Player,3
392194,121,Player,3
392194,135,Player,6
392194,151,Player,3
392194,155,Player,3
392194,175,Player,6
392194,223,Player,6
392194,439,Player,6
392196,6,Player,2
392196,8,Player,2
392196,9,Player,2
392196,14,Player,2
392196,24,Player,4
392196,29,Player,4
392196,52,Player,2
392196,64,Player,4
392196,67,Player,4
392196,68,Player,4
392196,75,Player,2
392196,78,Player,4
392196,81,Player,2
392196,124,Player,2
392196,157,Player,2
392196,161,Player,4
392196,215,Player,4
392196,440,Player,4
392197,15,Player,7
392197,42,Player,7
392197,44,Player,7
392197,48,Player,7
392197,50,Player,7
392197,54,Player,8
392197,55,Player,8
392197,57,Player,8
392197,61,Player,8
392197,71,Player,7
392197,80,Player,7
392197,97,Player,8
392197,112,Player,8
392197,131,Player,8
392197,147,Player,8
392197,154,Player,7
392197,165,Player,8
392197,194,Player,7
392197,256,Player,8
392199,8,Player,2
392199,9,Player,2
392199,12,Player,2
392199,40,Player,6
392199,46,Player,2
392199,52,Player,2
392199,73,Player,6
392199,75,Player,2
392199,81,Player,2
392199,110,Player,6
392199,116,Player,6
392199,124,Player,2
392199,135,Player,6
392199,136,Player,6
392199,171,Player,6
392199,175,Player,6
392199,181,Player,2
392199,223,Player,6
392200,24,Player,4
392200,29,Player,4
392200,31,Player,5
392200,35,Player,5
392200,64,Player,4
392200,67,Player,4
392200,68,Player,4
392200,74,Player,5
392200,78,Player,4
392200,101,Player,5
392200,126,Player,5
392200,137,Player,5
392200,153,Player,4
392200,160,Player,5
392200,161,Player,4
392200,168,Player,5
392200,169,Player,5
392200,215,Player,4
392201,17,Player,3
392201,18,Player,3
392201,21,Player,3
392201,22,Player,3
392201,23,Player,3
392201,54,Player,8
392201,55,Player,8
392201,57,Player,8
392201,61,Player,8
392201,97,Player,8
392201,109,Player,3
392201,119,Player,3
392201,120,Player,3
392201,121,Player,3
392201,131,Player,8
392201,147,Player,8
392201,151,Player,3
392201,165,Player,8
392201,172,Player,8
392201,179,Player,8
392202,1,Player,1
392202,15,Player,7
392202,42,Player,7
392202,44,Player,7
392202,48,Player,7
392202,50,Player,7
392202,63,Player,1
392202,71,Player,7
392202,79,Player,7
392202,84,Player,1
392202,104,Player,1
392202,106,Player,1
392202,154,Player,7
392202,162,Player,1
392202,170,Player,1
392202,173,Player,1
392202,174,Player,1
392202,194,Player,7
392202,395,Player,1
392203,31,Player,5
392203,35,Player,5
392203,40,Player,6
392203,73,Player,6
392203,74,Player,5
392203,101,Player,5
392203,110,Player,6
392203,116,Player,6
392203,126,Player,5
392203,135,Player,6
392203,136,Player,6
392203,137,Player,5
392203,160,Player,5
392203,167,Player,5
392203,168,Player,5
392203,171,Player,6
392203,175,Player,6
392203,223,Player,6
392204,1,Player,1
392204,8,Player,2
392204,9,Player,2
392204,14,Player,2
392204,62,Player,1
392204,63,Player,1
392204,75,Player,2
392204,82,Player,1
392204,83,Player,1
392204,84,Player,1
392204,96,Player,2
392204,104,Player,1
392204,106,Player,1
392204,124,Player,2
392204,132,Player,2
392204,162,Player,1
392204,177,Player,2
392204,181,Player,2
392205,15,Player,7
392205,24,Player,4
392205,29,Player,4
392205,42,Player,7
392205,44,Player,7
392205,48,Player,7
392205,50,Player,7
392205,64,Player,4
392205,67,Player,4
392205,68,Player,4
392205,71,Player,7
392205,79,Player,7
392205,153,Player,4
392205,154,Player,7
392205,161,Player,4
392205,194,Player,7
392205,215,Player,4
392205,243,Player,4
392206,40,Player,6
392206,54,Player,8
392206,57,Player,8
392206,61,Player,8
392206,73,Player,6
392206,97,Player,8
392206,110,Player,6
392206,116,Player,6
392206,131,Player,8
392206,135,Player,6
392206,136,Player,6
392206,147,Player,8
392206,165,Player,8
392206,171,Player,6
392206,172,Player,8
392206,175,Player,6
392206,178,Player,8
392206,179,Player,8
392206,223,Player,6
392207,17,Player,3
392207,18,Player,3
392207,21,Player,3
392207,22,Player,3
392207,23,Player,3
392207,31,Player,5
392207,35,Player,5
392207,39,Player,5
392207,74,Player,5
392207,101,Player,5
392207,109,Player,3
392207,121,Player,3
392207,126,Player,5
392207,137,Player,5
392207,151,Player,3
392207,160,Player,5
392207,168,Player,5
392207,186,Player,3
392207,218,Player,3
392208,1,Player,1
392208,15,Player,7
392208,44,Player,7
392208,48,Player,7
392208,50,Player,7
392208,62,Player,1
392208,63,Player,1
392208,79,Player,7
392208,82,Player,1
392208,83,Player,1
392208,84,Player,1
392208,85,Player,7
392208,104,Player,1
392208,106,Player,1
392208,154,Player,7
392208,162,Player,1
392208,180,Player,7
392208,194,Player,7
392209,8,Player,2
392209,9,Player,2
392209,14,Player,2
392209,24,Player,4
392209,28,Player,4
392209,29,Player,4
392209,46,Player,2
392209,64,Player,4
392209,67,Player,4
392209,92,Player,4
392209,132,Player,2
392209,153,Player,4
392209,157,Player,2
392209,164,Player,2
392209,177,Player,2
392209,181,Player,2
392209,215,Player,4
392209,243,Player,4
392210,31,Player,5
392210,35,Player,5
392210,39,Player,5
392210,54,Player,8
392210,57,Player,8
392210,61,Player,8
392210,74,Player,5
392210,97,Player,8
392210,101,Player,5
392210,126,Player,5
392210,131,Player,8
392210,147,Player,8
392210,165,Player,8
392210,169,Player,5
392210,172,Player,8
392210,178,Player,8
392210,179,Player,8
392210,182,Player,5
392210,184,Player,5
392211,18,Player,3
392211,21,Player,3
392211,22,Player,3
392211,23,Player,3
392211,73,Player,6
392211,89,Player,6
392211,109,Player,3
392211,110,Player,6
392211,116,Player,6
392211,121,Player,3
392211,135,Player,6
392211,136,Player,6
392211,151,Player,3
392211,171,Player,6
392211,185,Player,3
392211,186,Player,3
392211,187,Player,6
392211,218,Player,3
392211,223,Player,6
392212,1,Player,1
392212,28,Player,4
392212,29,Player,4
392212,62,Player,1
392212,63,Player,1
392212,64,Player,4
392212,65,Player,4
392212,67,Player,4
392212,82,Player,1
392212,83,Player,1
392212,84,Player,1
392212,92,Player,4
392212,104,Player,1
392212,106,Player,1
392212,153,Player,4
392212,162,Player,1
392212,215,Player,4
392212,243,Player,4
392213,6,Player,2
392213,7,Player,2
392213,8,Player,2
392213,9,Player,2
392213,14,Player,2
392213,15,Player,7
392213,42,Player,7
392213,44,Player,7
392213,46,Player,2
392213,48,Player,7
392213,50,Player,7
392213,71,Player,7
392213,81,Player,2
392213,85,Player,7
392213,154,Player,7
392213,177,Player,2
392213,189,Player,2
392213,194,Player,7
392214,18,Player,3
392214,21,Player,3
392214,22,Player,3
392214,23,Player,3
392214,54,Player,8
392214,55,Player,8
392214,57,Player,8
392214,61,Player,8
392214,97,Player,8
392214,109,Player,3
392214,121,Player,3
392214,131,Player,8
392214,147,Player,8
392214,151,Player,3
392214,178,Player,8
392214,179,Player,8
392214,185,Player,3
392214,186,Player,3
392214,188,Player,8
392214,218,Player,3
392215,24,Player,4
392215,28,Player,4
392215,29,Player,4
392215,31,Player,5
392215,35,Player,5
392215,39,Player,5
392215,64,Player,4
392215,65,Player,4
392215,67,Player,4
392215,74,Player,5
392215,77,Player,4
392215,138,Player,5
392215,153,Player,4
392215,169,Player,5
392215,182,Player,5
392215,184,Player,5
392215,196,Player,5
392215,215,Player,4
392216,1,Player,1
392216,62,Player,1
392216,73,Player,6
392216,82,Player,1
392216,83,Player,1
392216,84,Player,1
392216,89,Player,6
392216,104,Player,1
392216,106,Player,1
392216,110,Player,6
392216,116,Player,6
392216,135,Player,6
392216,136,Player,6
392216,163,Player,1
392216,170,Player,1
392216,171,Player,6
392216,187,Player,6
392216,223,Player,6
392217,44,Player,7
392217,48,Player,7
392217,50,Player,7
392217,54,Player,8
392217,57,Player,8
392217,61,Player,8
392217,71,Player,7
392217,79,Player,7
392217,80,Player,7
392217,97,Player,8
392217,112,Player,8
392217,115,Player,7
392217,147,Player,8
392217,154,Player,7
392217,178,Player,8
392217,179,Player,8
392217,188,Player,8
392217,194,Player,7
392217,256,Player,8
392218,6,Player,2
392218,7,Player,2
392218,8,Player,2
392218,9,Player,2
392218,14,Player,2
392218,31,Player,5
392218,35,Player,5
392218,46,Player,2
392218,74,Player,5
392218,81,Player,2
392218,126,Player,5
392218,138,Player,5
392218,169,Player,5
392218,177,Player,2
392218,182,Player,5
392218,189,Player,2
392218,190,Player,5
392218,196,Player,5
392219,18,Player,3
392219,21,Player,3
392219,23,Player,3
392219,24,Player,4
392219,28,Player,4
392219,29,Player,4
392219,64,Player,4
392219,65,Player,4
392219,67,Player,4
392219,77,Player,4
392219,78,Player,4
392219,109,Player,3
392219,120,Player,3
392219,121,Player,3
392219,151,Player,3
392219,186,Player,3
392219,197,Player,3
392219,215,Player,4
392219,218,Player,3
392220,43,Player,7
392220,48,Player,7
392220,50,Player,7
392220,71,Player,7
392220,73,Player,6
392220,80,Player,7
392220,85,Player,7
392220,89,Player,6
392220,110,Player,6
392220,115,Player,7
392220,116,Player,6
392220,135,Player,6
392220,136,Player,6
392220,154,Player,7
392220,171,Player,6
392220,187,Player,6
392220,194,Player,7
392220,223,Player,6
392221,28,Player,4
392221,29,Player,4
392221,54,Player,8
392221,56,Player,8
392221,57,Player,8
392221,61,Player,8
392221,64,Player,4
392221,65,Player,4
392221,66,Player,4
392221,67,Player,4
392221,68,Player,4
392221,77,Player,4
392221,97,Player,8
392221,112,Player,8
392221,131,Player,8
392221,153,Player,4
392221,178,Player,8
392221,179,Player,8
392221,188,Player,8
392222,18,Player,3
392222,21,Player,3
392222,22,Player,3
392222,23,Player,3
392222,31,Player,5
392222,35,Player,5
392222,39,Player,5
392222,74,Player,5
392222,101,Player,5
392222,109,Player,3
392222,121,Player,3
392222,151,Player,3
392222,169,Player,5
392222,182,Player,5
392222,184,Player,5
392222,185,Player,3
392222,186,Player,3
392222,196,Player,5
392222,218,Player,3
392223,6,Player,2
392223,8,Player,2
392223,9,Player,2
392223,44,Player,7
392223,46,Player,2
392223,48,Player,7
392223,50,Player,7
392223,52,Player,2
392223,71,Player,7
392223,80,Player,7
392223,81,Player,2
392223,85,Player,7
392223,154,Player,7
392223,177,Player,2
392223,181,Player,2
392223,193,Player,7
392223,194,Player,7
392223,244,Player,2
392224,1,Player,1
392224,62,Player,1
392224,73,Player,6
392224,82,Player,1
392224,83,Player,1
392224,84,Player,1
392224,89,Player,6
392224,104,Player,1
392224,110,Player,6
392224,116,Player,6
392224,135,Player,6
392224,136,Player,6
392224,163,Player,1
392224,170,Player,1
392224,171,Player,6
392224,187,Player,6
392224,223,Player,6
392224,441,Player,1
392225,31,Player,5
392225,35,Player,5
392225,39,Player,5
392225,54,Player,8
392225,56,Player,8
392225,57,Player,8
392225,60,Player,8
392225,61,Player,8
392225,74,Player,5
392225,101,Player,5
392225,112,Player,8
392225,126,Player,5
392225,131,Player,8
392225,147,Player,8
392225,169,Player,5
392225,178,Player,8
392225,179,Player,8
392225,182,Player,5
392225,190,Player,5
392226,1,Player,1
392226,4,Player,1
392226,6,Player,2
392226,8,Player,2
392226,9,Player,2
392226,12,Player,2
392226,46,Player,2
392226,52,Player,2
392226,81,Player,2
392226,82,Player,1
392226,83,Player,1
392226,84,Player,1
392226,157,Player,2
392226,170,Player,1
392226,173,Player,1
392226,174,Player,1
392226,181,Player,2
392226,191,Player,1
392227,24,Player,4
392227,28,Player,4
392227,29,Player,4
392227,44,Player,7
392227,48,Player,7
392227,50,Player,7
392227,65,Player,4
392227,66,Player,4
392227,67,Player,4
392227,68,Player,4
392227,71,Player,7
392227,77,Player,4
392227,80,Player,7
392227,85,Player,7
392227,115,Player,7
392227,139,Player,4
392227,154,Player,7
392227,194,Player,7
392228,40,Player,6
392228,54,Player,8
392228,56,Player,8
392228,57,Player,8
980998,208,Player,7
980998,221,Player,7
980998,260,Player,6
980998,293,Player,6
980998,339,Player,6
980998,350,Player,6
980998,351,Player,6
980998,375,Player,7
980998,386,Player,6
980998,403,Player,7
980998,413,Player,7
980998,415,Player,7
980998,420,Player,6
980998,431,Player,7
981000,31,Player,1
981000,32,Player,2
981000,67,Player,1
981000,96,Player,1
981000,110,Player,2
981000,140,Player,2
981000,162,Player,2
981000,190,Player,1
981000,255,Player,2
981000,270,Player,2
981000,276,Player,1
981000,308,Player,1
981000,315,Player,1
981000,334,Player,1
981000,344,Player,1
981000,369,Player,2
981000,382,Player,2
981000,434,Player,2
981002,29,Player,12
981002,79,Player,12
981002,85,Player,12
981002,106,Player,12
981002,136,Player,6
981002,154,Player,6
981002,197,Player,12
981002,201,Player,12
981002,280,Player,12
981002,339,Player,6
981002,347,Player,6
981002,350,Player,6
981002,351,Player,6
981002,371,Player,6
981002,393,Player,6
981002,420,Player,6
981002,426,Player,12
981002,430,Player,12
981002,465,Player,12
981004,32,Player,2
981004,110,Player,2
981004,162,Player,2
981004,255,Player,2
981004,270,Player,2
981004,296,Player,2
981004,320,Player,4
981004,329,Player,4
981004,364,Player,4
981004,367,Player,4
981004,369,Player,2
981004,374,Player,4
981004,382,Player,2
981004,416,Player,4
981004,422,Player,4
981004,427,Player,4
981004,428,Player,4
981004,434,Player,2
981006,2,Player,13
981006,14,Player,13
981006,31,Player,1
981006,35,Player,13
981006,67,Player,1
981006,71,Player,13
981006,80,Player,13
981006,96,Player,1
981006,147,Player,13
981006,186,Player,13
981006,190,Player,1
981006,254,Player,13
981006,276,Player,1
981006,308,Player,1
981006,315,Player,1
981006,344,Player,1
981006,391,Player,1
981006,433,Player,13
981008,27,Player,11
981008,42,Player,11
981008,136,Player,6
981008,154,Player,6
981008,163,Player,11
981008,166,Player,11
981008,216,Player,11
981008,299,Player,11
981008,322,Player,6
981008,339,Player,6
981008,351,Player,6
981008,371,Player,6
981008,394,Player,11
981008,408,Player,6
981008,420,Player,6
981008,425,Player,6
981008,429,Player,11
981008,460,Player,11
981010,29,Player,12
981010,79,Player,12
981010,85,Player,12
981010,106,Player,12
981010,197,Player,12
981010,201,Player,12
981010,280,Player,12
981010,320,Player,4
981010,329,Player,4
981010,356,Player,4
981010,364,Player,4
981010,367,Player,4
981010,374,Player,4
981010,416,Player,4
981010,426,Player,12
981010,427,Player,4
981010,428,Player,4
981010,430,Player,12
981010,465,Player,12
981012,2,Player,13
981012,14,Player,13
981012,35,Player,13
981012,50,Player,7
981012,71,Player,13
981012,80,Player,13
981012,81,Player,7
981012,147,Player,13
981012,186,Player,13
981012,221,Player,7
981012,254,Player,13
981012,375,Player,7
981012,400,Player,7
981012,403,Player,7
981012,413,Player,7
981012,415,Player,7
981012,431,Player,7
981012,433,Player,13
981014,27,Player,11
981014,31,Player,1
981014,42,Player,11
981014,96,Player,1
981014,163,Player,11
981014,166,Player,11
981014,276,Player,1
981014,299,Player,11
981014,308,Player,1
981014,315,Player,1
981014,344,Player,1
981014,391,Player,1
981014,394,Player,11
981014,396,Player,11
981014,411,Player,1
981014,429,Player,11
981014,460,Player,11
981014,462,Player,1
981016,32,Player,2
981016,110,Player,2
981016,136,Player,6
981016,140,Player,2
981016,162,Player,2
981016,255,Player,2
981016,270,Player,2
981016,322,Player,6
981016,339,Player,6
981016,350,Player,6
981016,351,Player,6
981016,369,Player,2
981016,382,Player,2
981016,408,Player,6
981016,420,Player,6
981016,421,Player,6
981016,425,Player,6
981016,434,Player,2
981018,2,Player,13
981018,14,Player,13
981018,32,Player,2
981018,35,Player,13
981018,71,Player,13
981018,80,Player,13
981018,110,Player,2
981018,140,Player,2
981018,147,Player,13
981018,162,Player,2
981018,186,Player,13
981018,254,Player,13
981018,255,Player,2
981018,270,Player,2
981018,369,Player,2
981018,382,Player,2
981018,433,Player,13
981018,434,Player,2
981020,27,Player,11
981020,31,Player,1
981020,42,Player,11
981020,96,Player,1
981020,163,Player,11
981020,190,Player,1
981020,209,Player,1
981020,228,Player,11
981020,299,Player,11
981020,308,Player,1
981020,315,Player,1
981020,385,Player,11
981020,391,Player,1
981020,394,Player,11
981020,411,Player,1
981020,429,Player,11
981020,460,Player,11
981020,462,Player,1
981022,2,Player,13
981022,14,Player,13
981022,27,Player,11
981022,35,Player,13
981022,42,Player,11
981022,71,Player,13
981022,80,Player,13
981022,147,Player,13
981022,163,Player,11
981022,228,Player,11
981022,254,Player,13
981022,299,Player,11
981022,385,Player,11
981022,394,Player,11
981022,429,Player,11
981022,432,Player,13
981022,433,Player,13
981022,458,Player,11
981024,27,Player,11
981024,32,Player,2
981024,42,Player,11
981024,110,Player,2
981024,140,Player,2
981024,162,Player,2
981024,163,Player,11
981024,228,Player,11
981024,255,Player,2
981024,270,Player,2
981024,299,Player,11
981024,369,Player,2
981024,382,Player,2
981024,385,Player,11
981024,394,Player,11
981024,429,Player,11
981024,434,Player,2
829816,394,Player,5
829816,429,Player,5
829820,14,Player,11
829820,42,Player,11
829820,50,Player,7
829820,81,Player,7
829820,94,Player,11
829820,163,Player,11
829820,166,Player,11
829820,194,Player,7
829820,208,Player,7
829820,216,Player,11
829820,221,Player,7
829820,299,Player,11
829820,325,Player,11
829820,354,Player,11
829820,383,Player,7
829820,398,Player,7
829820,400,Player,7
829820,403,Player,7
829822,19,Player,3
829822,21,Player,3
829822,35,Player,3
829822,50,Player,7
829822,71,Player,3
829822,73,Player,3
829822,81,Player,7
829822,147,Player,3
829822,194,Player,7
829822,201,Player,3
829822,208,Player,7
829822,221,Player,7
829822,303,Player,3
829822,322,Player,3
829822,364,Player,3
829822,383,Player,7
829822,398,Player,7
829822,400,Player,7
829822,403,Player,7
829824,32,Player,5
829824,80,Player,5
829824,85,Player,5
829824,110,Player,2
829824,162,Player,2
829824,236,Player,2
829824,255,Player,5
829824,270,Player,2
829824,310,Player,5
829824,311,Player,2
829824,314,Player,5
829824,339,Player,5
829824,350,Player,5
829824,378,Player,2
829824,382,Player,2
829824,394,Player,5
829824,401,Player,2
829824,402,Player,2
829826,19,Player,3
829826,21,Player,3
829826,35,Player,3
829826,71,Player,3
829826,73,Player,3
829826,110,Player,2
829826,147,Player,3
829826,162,Player,2
829826,201,Player,3
829826,236,Player,2
829826,270,Player,2
829826,303,Player,3
829826,311,Player,2
829826,322,Player,3
829826,364,Player,3
829826,378,Player,2
829826,382,Player,2
829826,401,Player,2
829826,402,Player,2
829828,19,Player,3
829828,21,Player,3
829828,35,Player,3
829828,50,Player,7
829828,71,Player,3
829828,73,Player,3
829828,81,Player,7
829828,147,Player,3
829828,194,Player,7
829828,201,Player,3
829828,208,Player,7
829828,221,Player,7
829828,303,Player,3
829828,322,Player,3
829828,364,Player,3
829828,383,Player,7
829828,398,Player,7
829828,400,Player,7
829828,403,Player,7
980906,50,Player,7
980906,61,Player,12
980906,81,Player,7
980906,84,Player,12
980906,85,Player,12
980906,89,Player,12
980906,158,Player,12
980906,201,Player,12
980906,208,Player,7
980906,221,Player,7
980906,253,Player,12
980906,303,Player,12
980906,306,Player,12
980906,375,Player,7
980906,383,Player,7
980906,388,Player,7
980906,400,Player,7
980906,403,Player,7
980906,418,Player,12
980908,31,Player,1
980908,67,Player,1
980908,96,Player,1
980908,136,Player,6
980908,232,Player,1
980908,260,Player,6
980908,308,Player,1
980908,316,Player,1
980908,322,Player,6
980908,334,Player,1
980908,339,Player,6
980908,350,Player,6
980908,351,Player,6
980908,371,Player,6
980908,393,Player,6
980908,408,Player,6
980908,411,Player,1
980908,457,Player,1
980910,2,Player,13
980910,14,Player,13
980910,35,Player,13
980910,71,Player,13
980910,116,Player,13
980910,185,Player,4
980910,222,Player,13
980910,254,Player,13
980910,305,Player,4
980910,310,Player,13
980910,345,Player,4
980910,357,Player,4
980910,364,Player,4
980910,367,Player,4
980910,374,Player,4
980910,409,Player,4
980910,410,Player,13
980910,412,Player,4
980912,32,Player,2
980912,42,Player,11
980912,73,Player,11
980912,110,Player,2
980912,162,Player,2
980912,163,Player,11
980912,166,Player,11
980912,216,Player,11
980912,255,Player,2
980912,299,Player,11
980912,311,Player,2
980912,325,Player,11
980912,366,Player,2
980912,382,Player,2
980912,394,Player,11
980912,402,Player,2
980912,460,Player,11
980912,461,Player,2
980914,31,Player,1
980914,50,Player,7
980914,67,Player,1
980914,96,Player,1
980914,208,Player,7
980914,221,Player,7
980914,308,Player,1
980914,316,Player,1
980914,334,Player,1
980914,375,Player,7
980914,377,Player,7
980914,398,Player,7
980914,400,Player,7
980914,403,Player,7
980914,407,Player,7
980914,411,Player,1
980914,457,Player,1
980914,462,Player,1
980916,2,Player,13
980916,14,Player,13
980916,35,Player,13
980916,61,Player,12
980916,71,Player,13
980916,84,Player,12
980916,85,Player,12
980916,89,Player,12
980916,158,Player,12
980916,186,Player,13
980916,201,Player,12
980916,253,Player,12
980916,254,Player,13
980916,303,Player,12
980916,306,Player,12
980916,310,Player,13
980916,370,Player,13
980916,414,Player,13
980916,418,Player,12
980918,100,Player,4
980918,136,Player,6
980918,154,Player,6
980918,185,Player,4
980918,305,Player,4
980918,322,Player,6
980918,339,Player,6
980918,345,Player,4
980918,350,Player,6
980918,351,Player,6
980918,357,Player,4
980918,364,Player,4
980918,367,Player,4
980918,374,Player,4
980918,393,Player,6
980918,408,Player,6
980918,412,Player,4
980918,425,Player,6
980920,31,Player,1
980920,42,Player,11
980920,67,Player,1
980920,96,Player,1
980920,163,Player,11
980920,166,Player,11
980920,190,Player,1
980920,216,Player,11
980920,232,Player,1
980920,276,Player,1
980920,299,Player,11
980920,308,Player,1
980920,315,Player,1
980920,325,Player,11
980920,334,Player,1
980920,394,Player,11
980920,429,Player,11
980920,460,Player,11
980922,2,Player,13
980922,14,Player,13
980922,50,Player,7
980922,71,Player,13
980922,80,Player,13
980922,186,Player,13
980922,208,Player,7
980922,221,Player,7
980922,254,Player,13
980922,310,Player,13
980922,370,Player,13
980922,375,Player,7
980922,377,Player,7
980922,400,Player,7
980922,403,Player,7
980922,407,Player,7
980922,413,Player,7
980922,414,Player,13
980924,29,Player,12
980924,84,Player,12
980924,85,Player,12
980924,100,Player,4
980924,158,Player,12
980924,185,Player,4
980924,201,Player,12
980924,280,Player,12
980924,303,Player,12
980924,305,Player,4
980924,306,Player,12
980924,314,Player,12
980924,345,Player,4
980924,364,Player,4
980924,367,Player,4
980924,374,Player,4
980924,412,Player,4
980924,416,Player,4
980924,418,Player,12
980926,32,Player,2
980926,110,Player,2
980926,136,Player,6
980926,154,Player,6
980926,162,Player,2
980926,270,Player,2
980926,311,Player,2
980926,322,Player,6
980926,339,Player,6
980926,347,Player,6
980926,350,Player,6
980926,351,Player,6
980926,366,Player,2
980926,382,Player,2
980926,393,Player,6
980926,401,Player,2
980926,402,Player,2
980926,408,Player,6
980928,42,Player,11
980928,50,Player,7
980928,163,Player,11
980928,208,Player,7
980928,216,Player,11
980928,228,Player,11
980928,299,Player,11
980928,325,Player,11
980928,375,Player,7
980928,377,Player,7
980928,394,Player,11
980928,400,Player,7
980928,403,Player,7
980928,407,Player,7
980928,413,Player,7
980928,415,Player,7
980928,429,Player,11
980928,460,Player,11
980930,31,Player,1
980930,67,Player,1
980930,96,Player,1
980930,100,Player,4
980930,185,Player,4
980930,190,Player,1
980930,232,Player,1
980930,276,Player,1
980930,305,Player,4
980930,308,Player,1
980930,315,Player,1
980930,334,Player,1
980930,345,Player,4
980930,364,Player,4
980930,367,Player,4
980930,374,Player,4
980930,412,Player,4
980930,416,Player,4
980932,32,Player,2
980932,50,Player,7
980932,110,Player,2
980932,140,Player,2
980932,208,Player,7
980932,221,Player,7
980932,255,Player,2
980932,296,Player,2
980932,311,Player,2
980932,363,Player,2
980932,375,Player,7
980932,377,Player,7
980932,400,Player,7
980932,402,Player,2
980932,403,Player,7
980932,407,Player,7
980932,413,Player,7
980932,417,Player,2
980934,2,Player,13
980934,14,Player,13
980934,35,Player,13
980934,42,Player,11
980934,71,Player,13
980934,80,Player,13
980934,94,Player,13
980934,163,Player,11
980934,207,Player,11
980934,216,Player,11
980934,228,Player,11
980934,254,Player,13
980934,299,Player,11
980934,370,Player,13
980934,394,Player,11
980934,414,Player,13
980934,429,Player,11
980934,460,Player,11
980936,32,Player,2
980936,84,Player,12
980936,85,Player,12
980936,89,Player,12
980936,110,Player,2
980936,140,Player,2
980936,158,Player,12
980936,201,Player,12
980936,236,Player,2
980936,255,Player,2
980936,280,Player,12
980936,303,Player,12
980936,306,Player,12
980936,311,Player,2
980936,314,Player,12
980936,363,Player,2
980936,402,Player,2
980936,418,Player,12
980936,463,Player,2
980938,50,Player,7
980938,136,Player,6
980938,154,Player,6
980938,208,Player,7
980938,221,Player,7
980938,322,Player,6
980938,339,Player,6
980938,347,Player,6
980938,350,Player,6
980938,351,Player,6
980938,375,Player,7
980938,377,Player,7
980938,386,Player,6
980938,393,Player,6
980938,400,Player,7
980938,403,Player,7
980938,407,Player,7
980938,413,Player,7
980940,42,Player,11
980940,100,Player,4
980940,163,Player,11
980940,185,Player,4
980940,207,Player,11
980940,216,Player,11
980940,228,Player,11
980940,299,Player,11
980940,305,Player,4
980940,345,Player,4
980940,356,Player,4
980940,364,Player,4
980940,367,Player,4
980940,374,Player,4
980940,394,Player,11
980940,416,Player,4
980940,429,Player,11
980940,460,Player,11
980942,2,Player,13
980942,14,Player,13
980942,32,Player,2
980942,35,Player,13
980942,71,Player,13
980942,80,Player,13
980942,110,Player,2
980942,140,Player,2
980942,147,Player,13
980942,186,Player,13
980942,237,Player,2
980942,254,Player,13
980942,255,Player,2
980942,363,Player,2
980942,370,Player,13
980942,382,Player,2
980942,402,Player,2
980942,463,Player,2
980944,31,Player,1
980944,67,Player,1
980944,79,Player,12
980944,85,Player,12
980944,89,Player,12
980944,109,Player,12
980944,190,Player,1
980944,201,Player,12
980944,209,Player,1
980944,232,Player,1
980944,276,Player,1
980944,280,Player,12
980944,303,Player,12
980944,306,Player,12
980944,308,Player,1
980944,314,Player,12
980944,315,Player,1
980944,334,Player,1
980944,418,Player,12
980946,50,Player,7
980946,100,Player,4
980946,185,Player,4
980946,208,Player,7
980946,221,Player,7
980946,305,Player,4
980946,345,Player,4
980946,357,Player,4
980946,364,Player,4
980946,367,Player,4
980946,374,Player,4
980946,375,Player,7
980946,377,Player,7
980946,400,Player,7
980946,403,Player,7
980946,407,Player,7
980946,412,Player,4
980946,413,Player,7
980948,42,Player,11
980948,73,Player,11
980948,79,Player,12
980948,85,Player,12
980948,89,Player,12
980948,106,Player,12
980948,163,Player,11
980948,201,Player,12
980948,207,Player,11
980948,216,Player,11
980948,228,Player,11
980948,253,Player,12
980948,280,Player,12
980948,299,Player,11
980948,303,Player,12
980948,306,Player,12
980948,394,Player,11
980948,418,Player,12
980948,460,Player,11
980950,2,Player,13
980950,14,Player,13
980950,35,Player,13
980950,71,Player,13
980950,80,Player,13
980950,136,Player,6
980950,147,Player,13
980950,154,Player,6
980950,293,Player,6
980950,310,Player,13
980950,322,Player,6
980950,339,Player,6
980950,350,Player,6
980950,351,Player,6
980950,370,Player,13
980950,386,Player,6
980950,410,Player,13
980950,420,Player,6
980952,31,Player,1
980952,50,Player,7
980952,208,Player,7
980952,209,Player,1
980952,221,Player,7
980952,232,Player,1
980952,276,Player,1
980952,308,Player,1
980952,315,Player,1
980952,334,Player,1
980952,336,Player,1
980952,346,Player,1
980952,375,Player,7
980952,377,Player,7
980952,400,Player,7
980952,403,Player,7
980952,407,Player,7
980952,413,Player,7
980954,2,Player,13
980954,14,Player,13
980954,35,Player,13
980954,71,Player,13
980954,79,Player,12
980954,80,Player,13
980954,85,Player,12
980954,89,Player,12
980954,106,Player,12
980954,109,Player,12
980954,147,Player,13
980954,201,Player,12
980954,280,Player,12
980954,306,Player,12
980954,310,Player,13
980954,410,Player,13
980954,418,Player,12
980954,423,Player,12
980954,432,Player,13
980956,31,Player,1
980956,67,Player,1
980956,136,Player,6
980956,209,Player,1
980956,232,Player,1
980956,308,Player,1
980956,315,Player,1
980956,316,Player,1
980956,334,Player,1
980956,339,Player,6
980956,347,Player,6
980956,350,Player,6
980956,351,Player,6
980956,391,Player,1
980956,393,Player,6
980956,408,Player,6
980956,420,Player,6
980956,421,Player,6
980958,32,Player,2
980958,42,Player,11
980958,73,Player,11
980958,110,Player,2
980958,163,Player,11
980958,237,Player,2
980958,296,Player,2
980958,299,Player,11
980958,311,Player,2
980958,325,Player,11
980958,363,Player,2
980958,366,Player,2
980958,369,Player,2
980958,394,Player,11
980958,396,Player,11
980958,429,Player,11
980958,460,Player,11
980958,463,Player,2
980960,2,Player,13
980960,14,Player,13
980960,35,Player,13
980960,71,Player,13
980960,80,Player,13
980960,100,Player,4
980960,147,Player,13
980960,305,Player,4
980960,310,Player,13
980960,320,Player,4
980960,329,Player,4
980960,364,Player,4
980960,367,Player,4
980960,374,Player,4
980960,409,Player,4
980960,410,Player,13
980960,422,Player,4
980960,432,Player,13
980962,50,Player,7
980962,79,Player,12
980962,85,Player,12
980962,89,Player,12
980962,106,Player,12
980962,201,Player,12
980962,208,Player,7
980962,221,Player,7
980962,280,Player,12
980962,306,Player,12
980962,375,Player,7
980962,377,Player,7
980962,400,Player,7
980962,403,Player,7
980962,407,Player,7
980962,413,Player,7
980962,418,Player,12
980962,423,Player,12
980962,464,Player,12
980964,31,Player,1
980964,32,Player,2
980964,67,Player,1
980964,96,Player,1
980964,110,Player,2
980964,162,Player,2
980964,190,Player,1
980964,232,Player,1
980964,255,Player,2
980964,270,Player,2
980964,296,Player,2
980964,308,Player,1
980964,315,Player,1
980964,334,Player,1
980964,336,Player,1
980964,369,Player,2
980964,382,Player,2
980964,463,Player,2
980966,2,Player,13
980966,14,Player,13
980966,35,Player,13
980966,80,Player,13
980966,136,Player,6
980966,147,Player,13
980966,154,Player,6
980966,254,Player,13
980966,293,Player,6
980966,310,Player,13
980966,339,Player,6
980966,347,Player,6
980966,350,Player,6
980966,351,Player,6
980966,410,Player,13
980966,420,Player,6
980966,421,Player,6
980966,432,Player,13
980968,31,Player,1
980968,67,Player,1
980968,96,Player,1
980968,190,Player,1
980968,232,Player,1
980968,276,Player,1
980968,305,Player,4
980968,308,Player,1
980968,316,Player,1
980968,320,Player,4
980968,329,Player,4
980968,334,Player,1
980968,345,Player,4
980968,364,Player,4
980968,367,Player,4
980968,374,Player,4
980968,409,Player,4
980968,424,Player,4
980970,79,Player,12
980970,85,Player,12
980970,89,Player,12
980970,106,Player,12
980970,136,Player,6
980970,197,Player,12
980970,201,Player,12
980970,280,Player,12
980970,322,Player,6
980970,339,Player,6
980970,347,Player,6
980970,386,Player,6
980970,408,Player,6
980970,418,Player,12
980970,420,Player,6
980970,421,Player,6
980970,425,Player,6
980970,426,Player,12
980970,464,Player,12
980972,2,Player,13
980972,14,Player,13
980972,27,Player,11
980972,35,Player,13
980972,42,Player,11
980972,71,Player,13
980972,73,Player,11
980972,80,Player,13
980972,116,Player,13
980972,147,Player,13
980972,163,Player,11
980972,254,Player,13
980972,299,Player,11
980972,394,Player,11
980972,396,Player,11
980972,429,Player,11
980972,432,Player,13
980972,460,Player,11
980974,32,Player,2
980974,61,Player,12
980974,79,Player,12
980974,85,Player,12
980974,89,Player,12
980974,106,Player,12
980974,110,Player,2
980974,197,Player,12
980974,201,Player,12
980974,255,Player,2
980974,280,Player,12
980974,296,Player,2
980974,366,Player,2
980974,369,Player,2
980974,382,Player,2
980974,417,Player,2
980974,426,Player,12
980974,430,Player,12
980974,434,Player,2
980976,136,Player,6
980976,293,Player,6
980976,305,Player,4
980976,320,Player,4
980976,329,Player,4
980976,339,Player,6
980976,347,Player,6
980976,350,Player,6
980976,351,Player,6
980976,364,Player,4
980976,367,Player,4
980976,374,Player,4
980976,408,Player,6
980976,409,Player,4
980976,420,Player,6
980976,421,Player,6
980976,422,Player,4
980976,427,Player,4
980978,27,Player,11
980978,42,Player,11
980978,50,Player,7
980978,73,Player,11
980978,163,Player,11
980978,208,Player,7
980978,221,Player,7
980978,299,Player,11
980978,375,Player,7
980978,377,Player,7
980978,394,Player,11
980978,396,Player,11
980978,400,Player,7
980978,403,Player,7
980978,407,Player,7
980978,413,Player,7
980978,429,Player,11
980978,460,Player,11
980980,2,Player,13
980980,14,Player,13
980980,31,Player,1
980980,35,Player,13
980980,67,Player,1
980980,71,Player,13
980980,80,Player,13
980980,96,Player,1
980980,147,Player,13
980980,190,Player,1
980980,232,Player,1
980980,254,Player,13
980980,276,Player,1
980980,308,Player,1
980980,316,Player,1
980980,334,Player,1
980980,370,Player,13
980980,432,Player,13
980982,32,Player,2
980982,110,Player,2
980982,140,Player,2
980982,255,Player,2
980982,296,Player,2
980982,320,Player,4
980982,364,Player,4
980982,367,Player,4
980982,369,Player,2
980982,374,Player,4
980982,382,Player,2
980982,395,Player,4
980982,409,Player,4
980982,417,Player,2
980982,422,Player,4
980982,427,Player,4
980982,428,Player,4
980982,434,Player,2
980984,27,Player,11
980984,42,Player,11
980984,61,Player,12
980984,73,Player,11
980984,79,Player,12
980984,85,Player,12
980984,89,Player,12
980984,106,Player,12
980984,163,Player,11
980984,197,Player,12
980984,201,Player,12
980984,280,Player,12
980984,299,Player,11
980984,394,Player,11
980984,396,Player,11
980984,426,Player,12
980984,429,Player,11
980984,430,Player,12
980984,460,Player,11
980986,32,Player,2
980986,50,Player,7
980986,110,Player,2
980986,162,Player,2
980986,208,Player,7
980986,221,Player,7
980986,255,Player,2
980986,270,Player,2
980986,296,Player,2
980986,369,Player,2
980986,375,Player,7
980986,377,Player,7
980986,382,Player,2
980986,403,Player,7
980986,407,Player,7
980986,413,Player,7
980986,431,Player,7
980986,434,Player,2
980988,27,Player,11
980988,42,Player,11
980988,73,Player,11
980988,136,Player,6
980988,163,Player,11
980988,260,Player,6
980988,299,Player,11
980988,339,Player,6
980988,347,Player,6
980988,350,Player,6
980988,351,Player,6
980988,371,Player,6
980988,394,Player,11
980988,396,Player,11
980988,420,Player,6
980988,425,Player,6
980988,429,Player,11
980988,460,Player,11
980990,50,Player,7
980990,208,Player,7
980990,221,Player,7
980990,262,Player,7
980990,305,Player,4
980990,320,Player,4
980990,329,Player,4
980990,364,Player,4
980990,367,Player,4
980990,374,Player,4
980990,375,Player,7
980990,377,Player,7
980990,403,Player,7
980990,409,Player,4
980990,413,Player,7
980990,422,Player,4
980990,427,Player,4
980990,431,Player,7
980992,14,Player,13
980992,32,Player,2
980992,35,Player,13
980992,71,Player,13
980992,80,Player,13
980992,110,Player,2
980992,147,Player,13
980992,162,Player,2
980992,254,Player,13
980992,255,Player,2
980992,270,Player,2
980992,296,Player,2
980992,369,Player,2
980992,370,Player,13
980992,382,Player,2
980992,414,Player,13
980992,432,Player,13
980992,434,Player,2
980994,29,Player,12
980994,31,Player,1
980994,67,Player,1
980994,79,Player,12
980994,85,Player,12
980994,96,Player,1
980994,106,Player,12
980994,190,Player,1
980994,197,Player,12
980994,201,Player,12
980994,276,Player,1
980994,280,Player,12
980994,308,Player,1
980994,315,Player,1
980994,334,Player,1
980994,344,Player,1
980994,418,Player,12
980994,426,Player,12
980994,430,Player,12
980996,27,Player,11
980996,42,Player,11
980996,73,Player,11
980996,163,Player,11
980996,166,Player,11
980996,299,Player,11
980996,305,Player,4
980996,320,Player,4
980996,329,Player,4
980996,364,Player,4
980996,367,Player,4
980996,374,Player,4
980996,385,Player,11
980996,394,Player,11
980996,395,Player,4
980996,409,Player,4
980996,427,Player,4
980996,460,Player,11
980998,50,Player,7
980998,81,Player,7
980998,136,Player,6
980998,154,Player,6
829814,20,CaptainKeeper,3
419113,26,CaptainKeeper,4
501266,20,CaptainKeeper,3
829806,20,CaptainKeeper,3
336025,53,CaptainKeeper,8
392221,53,CaptainKeeper,8
392233,53,CaptainKeeper,8
829802,20,CaptainKeeper,3
598067,20,CaptainKeeper,3
981002,20,CaptainKeeper,12
829794,20,CaptainKeeper,3
501233,20,CaptainKeeper,3
336006,20,CaptainKeeper,3
392197,53,CaptainKeeper,8
501231,20,CaptainKeeper,3
548373,20,CaptainKeeper,3
980936,20,CaptainKeeper,12
829784,20,CaptainKeeper,3
501229,26,CaptainKeeper,8
501266,17,CaptainKeeper,9
392219,20,CaptainKeeper,3
980984,20,CaptainKeeper,12
392217,53,CaptainKeeper,8
598064,53,CaptainKeeper,4
598063,20,CaptainKeeper,3
419169,53,CaptainKeeper,8
829778,20,CaptainKeeper,3
501265,53,CaptainKeeper,4
829770,20,CaptainKeeper,3
501264,26,CaptainKeeper,8
501262,53,CaptainKeeper,4
598061,53,CaptainKeeper,4
981010,20,CaptainKeeper,12
829762,88,CaptainKeeper,2
829758,20,CaptainKeeper,3
501261,26,CaptainKeeper,8
336042,53,CaptainKeeper,8
392206,53,CaptainKeeper,8
392214,53,CaptainKeeper,8
598057,53,CaptainKeeper,4
548369,20,CaptainKeeper,3
336036,53,CaptainKeeper,8
419125,88,CaptainKeeper,6
419168,53,CaptainKeeper,8
419168,20,CaptainKeeper,3
548366,20,CaptainKeeper,3
829750,20,CaptainKeeper,3
548360,20,CaptainKeeper,3
829822,20,CaptainKeeper,3
501228,53,CaptainKeeper,4
548357,20,CaptainKeeper,3
598056,20,CaptainKeeper,3
829740,20,CaptainKeeper,3
419125,53,CaptainKeeper,8
598051,20,CaptainKeeper,3
419165,53,CaptainKeeper,8
419146,53,CaptainKeeper,8
419143,53,CaptainKeeper,8
419111,53,CaptainKeeper,8
598050,53,CaptainKeeper,4
598046,20,CaptainKeeper,3
501226,20,CaptainKeeper,3
501225,53,CaptainKeeper,4
336019,53,CaptainKeeper,8
392244,53,CaptainKeeper,8
548352,20,CaptainKeeper,3
501221,26,CaptainKeeper,8
980954,20,CaptainKeeper,12
829734,20,CaptainKeeper,3
501259,53,CaptainKeeper,4
336012,53,CaptainKeeper,8
392202,2,CaptainKeeper,1
829728,20,CaptainKeeper,3
419122,53,CaptainKeeper,8
419164,26,CaptainKeeper,4
336018,20,CaptainKeeper,3
501258,20,CaptainKeeper,3
598044,26,CaptainKeeper,11
829716,20,CaptainKeeper,3
598043,20,CaptainKeeper,3
392232,20,CaptainKeeper,3
598039,20,CaptainKeeper,3
336010,20,CaptainKeeper,3
548348,20,CaptainKeeper,3
829712,20,CaptainKeeper,3
598037,26,CaptainKeeper,11
336007,53,CaptainKeeper,8
548337,20,CaptainKeeper,3
419142,20,CaptainKeeper,3
419141,26,CaptainKeeper,4
734052,20,CaptainKeeper,3
501220,20,CaptainKeeper,3
829826,20,CaptainKeeper,3
336016,53,CaptainKeeper,8
548335,20,CaptainKeeper,3
419140,53,CaptainKeeper,8
734050,20,CaptainKeeper,3
419164,20,CaptainKeeper,3
392189,53,CaptainKeeper,8
501217,53,CaptainKeeper,4
501256,53,CaptainKeeper,4
980924,20,CaptainKeeper,12
501217,26,CaptainKeeper,8
598036,53,CaptainKeeper,4
501255,26,CaptainKeeper,8
548333,53,CaptainKeeper,4
501254,20,CaptainKeeper,3
501216,20,CaptainKeeper,3
419122,26,CaptainKeeper,4
548331,26,CaptainKeeper,8
392189,2,CaptainKeeper,1
734040,20,CaptainKeeper,3
548328,53,CaptainKeeper,4
829828,20,CaptainKeeper,3
501213,26,CaptainKeeper,8
419161,53,CaptainKeeper,8
392243,20,CaptainKeeper,3
734034,20,CaptainKeeper,3
598035,20,CaptainKeeper,3
392229,20,CaptainKeeper,3
548327,20,CaptainKeeper,3
419161,26,CaptainKeeper,4
419160,20,CaptainKeeper,3
392214,20,CaptainKeeper,3
392228,53,CaptainKeeper,8
419138,20,CaptainKeeper,3
598033,53,CaptainKeeper,4
598031,20,CaptainKeeper,3
501253,53,CaptainKeeper,4
392242,53,CaptainKeeper,8
548324,53,CaptainKeeper,4
980994,20,CaptainKeeper,12
336014,20,CaptainKeeper,3
980906,20,CaptainKeeper,12
598030,53,CaptainKeeper,4
734028,20,CaptainKeeper,3
336023,20,CaptainKeeper,3
419121,88,CaptainKeeper,6
501250,20,CaptainKeeper,3
980944,20,CaptainKeeper,12
419118,20,CaptainKeeper,3
548323,20,CaptainKeeper,3
548321,20,CaptainKeeper,3
598027,20,CaptainKeeper,3
392225,53,CaptainKeeper,8
980970,20,CaptainKeeper,12
336030,20,CaptainKeeper,3
392241,53,CaptainKeeper,8
501249,53,CaptainKeeper,4
501248,26,CaptainKeeper,8
598026,53,CaptainKeeper,4
392194,20,CaptainKeeper,3
335998,20,CaptainKeeper,3
734018,20,CaptainKeeper,3
598025,20,CaptainKeeper,3
734008,20,CaptainKeeper,3
392239,20,CaptainKeeper,3
734000,20,CaptainKeeper,3
733992,20,CaptainKeeper,3
598021,53,CaptainKeeper,4
598020,20,CaptainKeeper,3
501211,53,CaptainKeeper,4
419158,20,CaptainKeeper,3
501245,20,CaptainKeeper,3
392236,20,CaptainKeeper,3
419135,53,CaptainKeeper,8
419156,53,CaptainKeeper,8
419154,26,CaptainKeeper,4
392193,53,CaptainKeeper,8
501211,20,CaptainKeeper,3
548318,53,CaptainKeeper,4
733986,20,CaptainKeeper,3
419134,20,CaptainKeeper,3
548316,20,CaptainKeeper,3
419133,88,CaptainKeeper,6
419152,53,CaptainKeeper,8
392211,20,CaptainKeeper,3
501244,26,CaptainKeeper,8
598019,53,CaptainKeeper,4
733976,20,CaptainKeeper,3
598017,20,CaptainKeeper,3
729316,20,CaptainKeeper,3
598012,53,CaptainKeeper,4
729308,20,CaptainKeeper,3
392222,20,CaptainKeeper,3
548314,53,CaptainKeeper,4
501242,53,CaptainKeeper,4
392210,53,CaptainKeeper,8
336029,53,CaptainKeeper,8
501241,26,CaptainKeeper,8
729302,20,CaptainKeeper,3
335994,20,CaptainKeeper,3
335988,20,CaptainKeeper,3
501241,20,CaptainKeeper,3
419132,26,CaptainKeeper,4
598012,20,CaptainKeeper,3
501208,26,CaptainKeeper,8
392191,2,CaptainKeeper,1
392201,53,CaptainKeeper,8
729298,88,CaptainKeeper,6
392207,20,CaptainKeeper,3
548311,20,CaptainKeeper,3
980948,20,CaptainKeeper,12
392190,20,CaptainKeeper,3
598008,53,CaptainKeeper,4
598007,20,CaptainKeeper,3
419152,20,CaptainKeeper,3
729298,20,CaptainKeeper,3
729294,88,CaptainKeeper,6
336012,20,CaptainKeeper,3
729288,20,CaptainKeeper,3
548386,20,CaptainKeeper,3
501207,53,CaptainKeeper,4
419151,26,CaptainKeeper,4
419117,26,CaptainKeeper,4
501239,53,CaptainKeeper,4
501276,20,CaptainKeeper,3
501273,20,CaptainKeeper,3
980962,20,CaptainKeeper,12
548385,20,CaptainKeeper,3
392201,20,CaptainKeeper,3
729286,88,CaptainKeeper,6
501234,26,CaptainKeeper,8
598078,20,CaptainKeeper,3
598075,20,CaptainKeeper,3
501204,26,CaptainKeeper,8
598073,20,CaptainKeeper,3
501203,20,CaptainKeeper,3
419150,53,CaptainKeeper,8
392234,53,CaptainKeeper,8
419131,53,CaptainKeeper,8
419130,20,CaptainKeeper,3
419147,20,CaptainKeeper,3
419129,26,CaptainKeeper,4
336001,20,CaptainKeeper,3
548384,20,CaptainKeeper,3
419170,20,CaptainKeeper,3
980974,20,CaptainKeeper,12
501271,20,CaptainKeeper,3
501269,53,CaptainKeeper,4
548379,53,CaptainKeeper,4
419115,53,CaptainKeeper,8
419115,20,CaptainKeeper,3
548376,53,CaptainKeeper,4
548376,20,CaptainKeeper,3
980916,20,CaptainKeeper,12
598071,53,CaptainKeeper,4
